-2.349999999999999867e-01 -2.743919249999979983e-10
-2.344999999999999862e-01 -8.378699249999979316e-10
-2.339999999999999858e-01 -1.371465924999999136e-09
-2.334999999999999853e-01 -1.843058924999999495e-09
-2.329999999999999849e-01 -2.278103924999998172e-09
-2.324999999999999845e-01 -2.678417924999998036e-09
-2.319999999999999840e-01 -3.054908924999999813e-09
-2.315000000000000113e-01 -3.480904924999999341e-09
-2.310000000000000109e-01 -3.983676924999999474e-09
-2.305000000000000104e-01 -4.475959924999998238e-09
-2.300000000000000100e-01 -4.946233924999999793e-09
-2.295000000000000095e-01 -5.380565924999999695e-09
-2.290000000000000091e-01 -5.754716924999998768e-09
-2.285000000000000087e-01 -6.111709925000000164e-09
-2.280000000000000082e-01 -6.461241924999999696e-09
-2.275000000000000078e-01 -6.789980924999998389e-09
-2.270000000000000073e-01 -7.130045924999999324e-09
-2.265000000000000069e-01 -7.452953924999999591e-09
-2.260000000000000064e-01 -7.752039924999998779e-09
-2.255000000000000060e-01 -8.063663924999999439e-09
-2.250000000000000056e-01 -8.368432924999998679e-09
-2.245000000000000051e-01 -8.681498925000000749e-09
-2.240000000000000047e-01 -8.967104924999997622e-09
-2.235000000000000042e-01 -9.216768924999998633e-09
-2.230000000000000038e-01 -9.494726924999999380e-09
-2.225000000000000033e-01 -9.839155925000000115e-09
-2.220000000000000029e-01 -1.023551292499999881e-08
-2.215000000000000024e-01 -1.062259392499999858e-08
-2.210000000000000020e-01 -1.097373192500000052e-08
-2.205000000000000016e-01 -1.129983392499999903e-08
-2.200000000000000011e-01 -1.155484592499999918e-08
-2.195000000000000007e-01 -1.178421792499999858e-08
-2.190000000000000002e-01 -1.201764192500000090e-08
-2.184999999999999998e-01 -1.218906492499999877e-08
-2.179999999999999993e-01 -1.230515192499999922e-08
-2.174999999999999989e-01 -1.237559892499999940e-08
-2.169999999999999984e-01 -1.239979992499999969e-08
-2.164999999999999980e-01 -1.245593292499999971e-08
-2.159999999999999976e-01 -1.257853992500000067e-08
-2.154999999999999971e-01 -1.270338092500000074e-08
-2.149999999999999967e-01 -1.280197692499999910e-08
-2.144999999999999962e-01 -1.287432492500000142e-08
-2.139999999999999958e-01 -1.298223992499999918e-08
-2.134999999999999953e-01 -1.312935792500000000e-08
-2.129999999999999949e-01 -1.329204292500000004e-08
-2.124999999999999944e-01 -1.349029492500000049e-08
-2.119999999999999940e-01 -1.367138992500000109e-08
-2.114999999999999936e-01 -1.383896492499999986e-08
-2.109999999999999931e-01 -1.404695492499999927e-08
-2.104999999999999927e-01 -1.424990792499999940e-08
-2.099999999999999922e-01 -1.444479492499999921e-08
-2.094999999999999918e-01 -1.458374192499999931e-08
-2.089999999999999913e-01 -1.468007792500000020e-08
-2.084999999999999909e-01 -1.479804192500000011e-08
-2.079999999999999905e-01 -1.492854492499999849e-08
-2.074999999999999900e-01 -1.507703992499999985e-08
-2.069999999999999896e-01 -1.518959192499999841e-08
-2.064999999999999891e-01 -1.527953292499999894e-08
-2.060000000000000164e-01 -1.536928492499999877e-08
-2.055000000000000160e-01 -1.542612392499999885e-08
-2.050000000000000155e-01 -1.548580492499999828e-08
-2.045000000000000151e-01 -1.555256892499999903e-08
-2.040000000000000147e-01 -1.561126792499999976e-08
-2.035000000000000142e-01 -1.568189792500000202e-08
-2.030000000000000138e-01 -1.573476692500000051e-08
-2.025000000000000133e-01 -1.581956492499999941e-08
-2.020000000000000129e-01 -1.588841792500000102e-08
-2.015000000000000124e-01 -1.593344792499999874e-08
-2.010000000000000120e-01 -1.596314092500000107e-08
-2.005000000000000115e-01 -1.595204292500000037e-08
-2.000000000000000111e-01 -1.597166192500000086e-08
-1.995000000000000107e-01 -1.598806292500000124e-08
-1.990000000000000102e-01 -1.597215692499999983e-08
-1.985000000000000098e-01 -1.597121292500000000e-08
-1.980000000000000093e-01 -1.598826092499999819e-08
-1.975000000000000089e-01 -1.592936892499999880e-08
-1.970000000000000084e-01 -1.581574692499999995e-08
-1.965000000000000080e-01 -1.570375492499999793e-08
-1.960000000000000075e-01 -1.558793892500000115e-08
-1.955000000000000071e-01 -1.552950592499999918e-08
-1.950000000000000067e-01 -1.550360892499999923e-08
-1.945000000000000062e-01 -1.550964292500000033e-08
-1.940000000000000058e-01 -1.556093992500000063e-08
-1.935000000000000053e-01 -1.558477892499999968e-08
-1.930000000000000049e-01 -1.554298092499999991e-08
-1.925000000000000044e-01 -1.547372392499999856e-08
-1.920000000000000040e-01 -1.537518692500000081e-08
-1.915000000000000036e-01 -1.516677392500000057e-08
-1.910000000000000031e-01 -1.498604992499999911e-08
-1.905000000000000027e-01 -1.487482792499999935e-08
-1.900000000000000022e-01 -1.476766292499999913e-08
-1.895000000000000018e-01 -1.468212492499999926e-08
-1.890000000000000013e-01 -1.461215492499999893e-08
-1.885000000000000009e-01 -1.458441692499999941e-08
-1.880000000000000004e-01 -1.455103792500000000e-08
-1.875000000000000000e-01 -1.444414192499999950e-08
-1.869999999999999996e-01 -1.430615092499999974e-08
-1.864999999999999991e-01 -1.417645592499999919e-08
-1.859999999999999987e-01 -1.401324292499999958e-08
-1.854999999999999982e-01 -1.388983892500000098e-08
-1.849999999999999978e-01 -1.381896892499999997e-08
-1.844999999999999973e-01 -1.374427492499999923e-08
-1.839999999999999969e-01 -1.370454292499999960e-08
-1.834999999999999964e-01 -1.368946692499999807e-08
-1.829999999999999960e-01 -1.369117092499999863e-08
-1.824999999999999956e-01 -1.368662692499999935e-08
-1.819999999999999951e-01 -1.363583592499999987e-08
-1.814999999999999947e-01 -1.352667992500000025e-08
-1.809999999999999942e-01 -1.337006792500000050e-08
-1.804999999999999938e-01 -1.319811692499999976e-08
-1.799999999999999933e-01 -1.302476592499999942e-08
-1.794999999999999929e-01 -1.288516292500000031e-08
-1.789999999999999925e-01 -1.276294592499999959e-08
-1.784999999999999920e-01 -1.263690492500000081e-08
-1.779999999999999916e-01 -1.252824992500000042e-08
-1.774999999999999911e-01 -1.242243692500000105e-08
-1.769999999999999907e-01 -1.230855792499999969e-08
-1.764999999999999902e-01 -1.218358192499999960e-08
-1.759999999999999898e-01 -1.208750592499999887e-08
-1.754999999999999893e-01 -1.201608992500000082e-08
-1.749999999999999889e-01 -1.197054292499999876e-08
-1.744999999999999885e-01 -1.198298492499999941e-08
-1.739999999999999880e-01 -1.199705692500000019e-08
-1.734999999999999876e-01 -1.202184992499999895e-08
-1.729999999999999871e-01 -1.204705992499999994e-08
-1.724999999999999867e-01 -1.202420692499999921e-08
-1.719999999999999862e-01 -1.194965392500000041e-08
-1.714999999999999858e-01 -1.182885592500000039e-08
-1.709999999999999853e-01 -1.172968492499999906e-08
-1.704999999999999849e-01 -1.164305292499999952e-08
-1.699999999999999845e-01 -1.150108592499999957e-08
-1.694999999999999840e-01 -1.131772092499999996e-08
-1.689999999999999836e-01 -1.113598592500000049e-08
-1.684999999999999831e-01 -1.095345692499999771e-08
-1.679999999999999827e-01 -1.074468192499999954e-08
-1.674999999999999822e-01 -1.053935492499999868e-08
-1.669999999999999818e-01 -1.038898492500000016e-08
-1.664999999999999813e-01 -1.031417792499999980e-08
-1.659999999999999809e-01 -1.026221292499999997e-08
-1.654999999999999805e-01 -1.017915292499999923e-08
-1.649999999999999800e-01 -1.005893792499999976e-08
-1.644999999999999796e-01 -9.921566924999999118e-09
-1.639999999999999791e-01 -9.779763924999998507e-09
-1.634999999999999787e-01 -9.606260924999999339e-09
-1.629999999999999782e-01 -9.378025925000000075e-09
-1.624999999999999778e-01 -9.056278925000000152e-09
-1.620000000000000051e-01 -8.707074924999999297e-09
-1.615000000000000047e-01 -8.393435924999999859e-09
-1.610000000000000042e-01 -8.143237924999997369e-09
-1.605000000000000038e-01 -7.959511925000000148e-09
-1.600000000000000033e-01 -7.784690924999999393e-09
-1.595000000000000029e-01 -7.623619924999999340e-09
-1.590000000000000024e-01 -7.459936925000000454e-09
-1.585000000000000020e-01 -7.282732925000000246e-09
-1.580000000000000016e-01 -7.107764924999998127e-09
-1.575000000000000011e-01 -6.925941924999998722e-09
-1.570000000000000007e-01 -6.724538924999999682e-09
-1.565000000000000002e-01 -6.516280924999999221e-09
-1.559999999999999998e-01 -6.328438924999999364e-09
-1.554999999999999993e-01 -6.153742924999999578e-09
-1.549999999999999989e-01 -6.007944924999999333e-09
-1.544999999999999984e-01 -5.836505924999999673e-09
-1.539999999999999980e-01 -5.648517924999998771e-09
-1.534999999999999976e-01 -5.500943924999999835e-09
-1.529999999999999971e-01 -5.390753924999998998e-09
-1.524999999999999967e-01 -5.269467924999998927e-09
-1.519999999999999962e-01 -5.122542925000000078e-09
-1.514999999999999958e-01 -5.016031924999998232e-09
-1.509999999999999953e-01 -4.886302924999999248e-09
-1.504999999999999949e-01 -4.724267924999999611e-09
-1.499999999999999944e-01 -4.566891924999998685e-09
-1.494999999999999940e-01 -4.408115924999998984e-09
-1.489999999999999936e-01 -4.285512924999999299e-09
-1.484999999999999931e-01 -4.252411924999999167e-09
-1.479999999999999927e-01 -4.208212924999998336e-09
-1.474999999999999922e-01 -4.095347924999999264e-09
-1.469999999999999918e-01 -3.912601924999999283e-09
-1.464999999999999913e-01 -3.653915924999998011e-09
-1.459999999999999909e-01 -3.416856924999999564e-09
-1.455000000000000182e-01 -3.161429924999998643e-09
-1.450000000000000178e-01 -2.913085924999999030e-09
-1.445000000000000173e-01 -2.713641924999999527e-09
-1.440000000000000169e-01 -2.564915924999999394e-09
-1.435000000000000164e-01 -2.465088924999998224e-09
-1.430000000000000160e-01 -2.386890924999999690e-09
-1.425000000000000155e-01 -2.358802924999999446e-09
-1.420000000000000151e-01 -2.324465924999998637e-09
-1.415000000000000147e-01 -2.226914924999999208e-09
-1.410000000000000142e-01 -2.097057924999997885e-09
-1.405000000000000138e-01 -1.964588924999999384e-09
-1.400000000000000133e-01 -1.857990924999999376e-09
-1.395000000000000129e-01 -1.820895924999998689e-09
-1.390000000000000124e-01 -1.817548924999998825e-09
-1.385000000000000120e-01 -1.770985924999997980e-09
-1.380000000000000115e-01 -1.711508924999998641e-09
-1.375000000000000111e-01 -1.637905924999998476e-09
-1.370000000000000107e-01 -1.482302924999999215e-09
-1.365000000000000102e-01 -1.271970924999998127e-09
-1.360000000000000098e-01 -1.091143924999998995e-09
-1.355000000000000093e-01 -9.646689249999981469e-10
-1.350000000000000089e-01 -8.325519249999989432e-10
-1.345000000000000084e-01 -6.675229249999983337e-10
-1.340000000000000080e-01 -4.532199249999991100e-10
-1.335000000000000075e-01 -2.302459249999984229e-10
-1.330000000000000071e-01 -5.253192499999848604e-11
-1.325000000000000067e-01 7.870807500000155009e-11
-1.320000000000000062e-01 1.428680750000026629e-10
-1.315000000000000058e-01 1.932770750000010358e-10
-1.310000000000000053e-01 2.778120749999999327e-10
-1.305000000000000049e-01 3.758670750000021857e-10
-1.300000000000000044e-01 4.910800750000028404e-10
-1.295000000000000040e-01 6.507210749999999319e-10
-1.290000000000000036e-01 8.560010750000018328e-10
-1.285000000000000031e-01 1.055408075000002673e-09
-1.280000000000000027e-01 1.179857075000001030e-09
-1.275000000000000022e-01 1.216016075000002579e-09
-1.270000000000000018e-01 1.194791075000001342e-09
-1.265000000000000013e-01 1.176179075000000290e-09
-1.260000000000000009e-01 1.177753075000001799e-09
-1.255000000000000004e-01 1.206786075000000121e-09
-1.250000000000000000e-01 1.340849075000001336e-09
-1.244999999999999996e-01 1.571458075000002560e-09
-1.239999999999999991e-01 1.847705075000000521e-09
-1.234999999999999987e-01 2.122928075000000864e-09
-1.229999999999999982e-01 2.332886075000001433e-09
-1.224999999999999978e-01 2.420616075000001915e-09
-1.219999999999999973e-01 2.417636075000000752e-09
-1.214999999999999969e-01 2.405148074999999916e-09
-1.209999999999999964e-01 2.417089075000000092e-09
-1.204999999999999960e-01 2.526180075000002978e-09
-1.199999999999999956e-01 2.697273075000001945e-09
-1.194999999999999951e-01 2.820073074999999908e-09
-1.189999999999999947e-01 2.846098075000000549e-09
-1.184999999999999942e-01 2.772928075000002962e-09
-1.179999999999999938e-01 2.663586075000001542e-09
-1.174999999999999933e-01 2.570186075000002257e-09
-1.169999999999999929e-01 2.494547075000000137e-09
-1.164999999999999925e-01 2.466977075000002888e-09
-1.159999999999999920e-01 2.572917075000003041e-09
-1.154999999999999916e-01 2.776004075000003293e-09
-1.149999999999999911e-01 2.956860075000001743e-09
-1.144999999999999907e-01 3.056697075000002791e-09
-1.139999999999999902e-01 3.076728075000002264e-09
-1.134999999999999898e-01 3.056344075000001934e-09
-1.129999999999999893e-01 3.016756075000000230e-09
-1.124999999999999889e-01 2.991901075000001560e-09
-1.119999999999999885e-01 3.005413075000000014e-09
-1.114999999999999880e-01 3.036687074999999673e-09
-1.109999999999999876e-01 3.068149075000000944e-09
-1.104999999999999871e-01 3.085861075000000686e-09
-1.099999999999999867e-01 3.058916075000002905e-09
-1.094999999999999862e-01 2.960043075000001855e-09
-1.089999999999999858e-01 2.830452075000000539e-09
-1.084999999999999853e-01 2.701050075000001569e-09
-1.079999999999999849e-01 2.562745075000002221e-09
-1.074999999999999845e-01 2.479170075000002744e-09
-1.069999999999999840e-01 2.496382074999999852e-09
-1.064999999999999836e-01 2.533176075000000128e-09
-1.059999999999999831e-01 2.541677075000002640e-09
-1.055000000000000104e-01 2.488552075000001544e-09
-1.050000000000000100e-01 2.337439075000002751e-09
-1.045000000000000095e-01 2.143487075000003212e-09
-1.040000000000000091e-01 1.967903075000002425e-09
-1.035000000000000087e-01 1.828872074999999744e-09
-1.030000000000000082e-01 1.762145075000003145e-09
-1.025000000000000078e-01 1.771354075000001598e-09
-1.020000000000000073e-01 1.834081075000000486e-09
-1.015000000000000069e-01 1.914571075000001518e-09
-1.010000000000000064e-01 1.978282075000003057e-09
-1.005000000000000060e-01 2.002786074999999440e-09
-1.000000000000000056e-01 1.912940075000001899e-09
-9.950000000000000511e-02 1.724505074999999747e-09
-9.900000000000000466e-02 1.564135075000003122e-09
-9.850000000000000422e-02 1.472433075000001447e-09
-9.800000000000000377e-02 1.428796075000001094e-09
-9.750000000000000333e-02 1.420494075000000599e-09
-9.700000000000000289e-02 1.359051075000000111e-09
-9.650000000000000244e-02 1.210531075000002365e-09
-9.600000000000000200e-02 1.061596075000000749e-09
-9.550000000000000155e-02 9.382990749999998667e-10
-9.500000000000000111e-02 8.345850749999996808e-10
-9.450000000000000067e-02 7.783270750000000391e-10
-9.400000000000000022e-02 7.380140750000024552e-10
-9.349999999999999978e-02 7.294030750000005501e-10
-9.299999999999999933e-02 7.694600750000014179e-10
-9.249999999999999889e-02 7.684960750000016268e-10
-9.199999999999999845e-02 7.059080750000000020e-10
-9.149999999999999800e-02 6.368400750000021385e-10
-9.099999999999999756e-02 5.619010750000015766e-10
-9.049999999999999711e-02 4.713930750000017688e-10
-8.999999999999999667e-02 4.047120750000026171e-10
-8.949999999999999623e-02 4.042750750000010396e-10
-8.899999999999999578e-02 4.743210750000024850e-10
-8.849999999999999534e-02 5.403140750000012664e-10
-8.799999999999999489e-02 5.471060750000021462e-10
-8.749999999999999445e-02 5.007540749999996990e-10
-8.699999999999999400e-02 3.412660750000000943e-10
-8.649999999999999356e-02 1.462110750000000890e-10
-8.599999999999999312e-02 4.285207500000254783e-11
-8.549999999999999267e-02 8.767075000001512776e-12
-8.499999999999999223e-02 -9.371924999998171533e-12
-8.449999999999999178e-02 -3.822992499999955611e-11
-8.399999999999999134e-02 -3.114492499999954904e-11
-8.349999999999999090e-02 -1.296292499999829386e-11
-8.299999999999999045e-02 -4.368092499999854162e-11
-8.249999999999999001e-02 -1.136009249999983051e-10
-8.199999999999998956e-02 -1.736359249999992512e-10
-8.149999999999998912e-02 -2.050019249999994921e-10
-8.099999999999998868e-02 -2.125439249999985341e-10
-8.049999999999998823e-02 -1.883859249999986315e-10
-7.999999999999998779e-02 -1.616149249999985438e-10
-7.949999999999998734e-02 -1.485949249999993994e-10
-7.899999999999998690e-02 -1.565969249999987944e-10
-7.849999999999998646e-02 -1.953179249999994716e-10
-7.799999999999998601e-02 -2.574839249999989496e-10
-7.749999999999998557e-02 -3.115839249999990006e-10
-7.699999999999998512e-02 -3.570119249999983809e-10
-7.649999999999998468e-02 -3.786169249999993625e-10
-7.599999999999998423e-02 -3.612489249999981772e-10
-7.549999999999998379e-02 -3.006659249999988115e-10
-7.499999999999998335e-02 -2.005029249999985598e-10
-7.449999999999998290e-02 -1.025749249999989860e-10
-7.400000000000001021e-02 -3.536492499999788114e-11
-7.350000000000000977e-02 -5.038592499999872681e-11
-7.300000000000000933e-02 -1.458179249999993582e-10
-7.250000000000000888e-02 -2.428809249999979093e-10
-7.200000000000000844e-02 -3.742989249999979925e-10
-7.150000000000000799e-02 -5.285559249999992001e-10
-7.100000000000000755e-02 -6.105099249999988326e-10
-7.050000000000000711e-02 -6.195529249999989636e-10
-7.000000000000000666e-02 -5.502319249999985161e-10
-6.950000000000000622e-02 -4.419379249999995206e-10
-6.900000000000000577e-02 -3.613329249999992597e-10
-6.850000000000000533e-02 -3.162929249999990719e-10
-6.800000000000000488e-02 -3.153049249999995402e-10
-6.750000000000000444e-02 -3.916969249999979877e-10
-6.700000000000000400e-02 -4.721419249999989439e-10
-6.650000000000000355e-02 -5.317969249999983621e-10
-6.600000000000000311e-02 -5.688409249999981982e-10
-6.550000000000000266e-02 -5.499439249999991474e-10
-6.500000000000000222e-02 -4.951029249999994605e-10
-6.450000000000000178e-02 -4.073499249999983678e-10
-6.400000000000000133e-02 -3.260749249999986148e-10
-6.350000000000000089e-02 -2.609719249999980074e-10
-6.300000000000000044e-02 -2.223459249999990757e-10
-6.250000000000000000e-02 -1.786819249999993700e-10
-6.199999999999999956e-02 -1.390739249999981664e-10
-6.149999999999999911e-02 -1.053369249999995835e-10
-6.099999999999999867e-02 -7.868492499999924994e-11
-6.049999999999999822e-02 -6.881292499999958120e-11
-5.999999999999999778e-02 -2.542092499999881936e-11
-5.949999999999999734e-02 3.330907500000179816e-11
-5.899999999999999689e-02 1.031350750000008651e-10
-5.849999999999999645e-02 2.058740750000005581e-10
-5.799999999999999600e-02 3.512230750000000528e-10
-5.749999999999999556e-02 4.604000750000025906e-10
-5.699999999999999512e-02 5.103740750000014711e-10
-5.649999999999999467e-02 5.562950750000013584e-10
-5.599999999999999423e-02 6.030110750000013447e-10
-5.549999999999999378e-02 6.153720749999998506e-10
-5.499999999999999334e-02 6.085290749999998775e-10
-5.449999999999999289e-02 6.588380750000020454e-10
-5.399999999999999245e-02 8.026620750000006587e-10
-5.349999999999999201e-02 9.551600750000021311e-10
-5.299999999999999156e-02 1.076939075000002192e-09
-5.249999999999999112e-02 1.157697075000001594e-09
-5.199999999999999067e-02 1.178647075000000783e-09
-5.149999999999999023e-02 1.168273075000001951e-09
-5.099999999999998979e-02 1.168390075000001404e-09
-5.049999999999998934e-02 1.227478075000000611e-09
-4.999999999999998890e-02 1.302510075000000730e-09
-4.949999999999998845e-02 1.405001075000001385e-09
-4.899999999999998801e-02 1.548889075000001788e-09
-4.849999999999998757e-02 1.678422075000000331e-09
-4.799999999999998712e-02 1.780267075000001234e-09
-4.749999999999998668e-02 1.847151075000003006e-09
-4.699999999999998623e-02 1.834837075000003042e-09
-4.649999999999998579e-02 1.828770075000001351e-09
-4.599999999999998535e-02 1.888341074999999635e-09
-4.549999999999998490e-02 1.958401075000001355e-09
-4.499999999999998446e-02 2.018348075000002451e-09
-4.449999999999998401e-02 2.058484075000002653e-09
-4.399999999999998357e-02 2.067902075000003002e-09
-4.349999999999998312e-02 2.081144075000001001e-09
-4.299999999999998268e-02 2.118815075000000839e-09
-4.249999999999998224e-02 2.148795075000002425e-09
-4.199999999999998179e-02 2.135937075000001103e-09
-4.150000000000000910e-02 2.166294075000000029e-09
-4.100000000000000866e-02 2.257441075000002837e-09
-4.050000000000000822e-02 2.309992075000000457e-09
-4.000000000000000777e-02 2.356065075000000201e-09
-3.950000000000000733e-02 2.442929075000002146e-09
-3.900000000000000688e-02 2.587552075000001719e-09
-3.850000000000000644e-02 2.726303075000000551e-09
-3.800000000000000600e-02 2.820399075000001257e-09
-3.750000000000000555e-02 2.886806075000002762e-09
-3.700000000000000511e-02 2.964310075000000513e-09
-3.650000000000000466e-02 3.085028075000000674e-09
-3.600000000000000422e-02 3.204117075000003095e-09
-3.550000000000000377e-02 3.291275075000001565e-09
-3.500000000000000333e-02 3.358623075000000700e-09
-3.450000000000000289e-02 3.387980075000001801e-09
-3.400000000000000244e-02 3.393284075000000566e-09
-3.350000000000000200e-02 3.407261075000001251e-09
-3.300000000000000155e-02 3.408700075000002532e-09
-3.250000000000000111e-02 3.430932075000001344e-09
-3.200000000000000067e-02 3.516378075000002499e-09
-3.150000000000000022e-02 3.631705075000003046e-09
-3.099999999999999978e-02 3.759342075000002695e-09
-3.049999999999999933e-02 3.912015075000003291e-09
-2.999999999999999889e-02 4.016393075000000177e-09
-2.949999999999999845e-02 4.041573075000002359e-09
-2.899999999999999800e-02 4.068153075000001661e-09
-2.849999999999999756e-02 4.147643075000001766e-09
-2.799999999999999711e-02 4.252776075000000270e-09
-2.749999999999999667e-02 4.375671074999999564e-09
-2.699999999999999623e-02 4.525419075000002468e-09
-2.649999999999999578e-02 4.640206075000002105e-09
-2.599999999999999534e-02 4.688519075000002453e-09
-2.549999999999999489e-02 4.689146075000000490e-09
-2.499999999999999445e-02 4.625723075000000181e-09
-2.449999999999999400e-02 4.534612075000002232e-09
-2.399999999999999356e-02 4.464294075000001813e-09
-2.349999999999999312e-02 4.428707075000002482e-09
-2.299999999999999267e-02 4.447243075000003502e-09
-2.249999999999999223e-02 4.526569075000001787e-09
-2.199999999999999178e-02 4.636990075000000159e-09
-2.149999999999999134e-02 4.694270075000002674e-09
-2.099999999999999090e-02 4.712953075000001750e-09
-2.049999999999999045e-02 4.719704075000003106e-09
-1.999999999999999001e-02 4.701797075000002415e-09
-1.949999999999998956e-02 4.722257075000002156e-09
-1.899999999999998912e-02 4.776842075000001715e-09
-1.849999999999998868e-02 4.800709075000000594e-09
-1.799999999999998823e-02 4.830824075000002614e-09
-1.749999999999998779e-02 4.879307075000000078e-09
-1.699999999999998734e-02 4.936463075000002770e-09
-1.649999999999998690e-02 5.006533075000000234e-09
-1.599999999999998646e-02 5.053764075000000606e-09
-1.549999999999998601e-02 5.098759075000000408e-09
-1.499999999999998557e-02 5.154849075000001607e-09
-1.449999999999998512e-02 5.189918075000002078e-09
-1.399999999999998468e-02 5.208813075000002559e-09
-1.349999999999998423e-02 5.196383074999999946e-09
-1.299999999999998379e-02 5.193232075000001349e-09
-1.249999999999998335e-02 5.219356075000000875e-09
-1.199999999999998290e-02 5.242035075000000730e-09
-1.149999999999998246e-02 5.304293075000001075e-09
-1.099999999999998201e-02 5.395827074999999862e-09
-1.049999999999998157e-02 5.479065075000001927e-09
-1.000000000000000888e-02 5.516435075000000527e-09
-9.500000000000008438e-03 5.511572075000000479e-09
-9.000000000000007994e-03 5.487503075000003382e-09
-8.500000000000007550e-03 5.475743075000000933e-09
-8.000000000000007105e-03 5.472655075000002567e-09
-7.500000000000006661e-03 5.472180075000000870e-09
-7.000000000000006217e-03 5.493709075000002234e-09
-6.500000000000005773e-03 5.508761075000002731e-09
-6.000000000000005329e-03 5.520365075000000947e-09
-5.500000000000004885e-03 5.530340075000001835e-09
-5.000000000000004441e-03 5.530806075000001490e-09
-4.500000000000003997e-03 5.530250075000002097e-09
-4.000000000000003553e-03 5.559576075000003243e-09
-3.500000000000003109e-03 5.603028075000001699e-09
-3.000000000000002665e-03 5.653941075000002844e-09
-2.500000000000002220e-03 5.730495075000000923e-09
-2.000000000000001776e-03 5.806630075000001095e-09
-1.500000000000001332e-03 5.899923075000000599e-09
-1.000000000000000888e-03 6.003705075000002713e-09
-5.000000000000004441e-04 6.047681075000000287e-09
0.000000000000000000e+00 6.022152075000001832e-09
5.000000000000004441e-04 5.956816075000003000e-09
1.000000000000000888e-03 5.901363075000003026e-09
1.500000000000001332e-03 5.852158075000002057e-09
2.000000000000001776e-03 5.801930075000001722e-09
2.500000000000002220e-03 5.748861075000000692e-09
3.000000000000002665e-03 5.700829075000001411e-09
3.500000000000003109e-03 5.654802075000003509e-09
4.000000000000003553e-03 5.603510075000003145e-09
4.500000000000003997e-03 5.560888075000001263e-09
5.000000000000004441e-03 5.536031075000000301e-09
5.500000000000004885e-03 5.536813075000001426e-09
6.000000000000005329e-03 5.515361075000001447e-09
6.500000000000005773e-03 5.502581075000002242e-09
7.000000000000006217e-03 5.481508075000000654e-09
7.500000000000006661e-03 5.420022075000002382e-09
8.000000000000007105e-03 5.333874075000000789e-09
8.500000000000007550e-03 5.208522075000001614e-09
9.000000000000007994e-03 5.033060075000001667e-09
9.500000000000008438e-03 4.857787075000001583e-09
1.000000000000000888e-02 4.708155075000000916e-09
1.050000000000000933e-02 4.585376075000003029e-09
1.100000000000000977e-02 4.532475075000000960e-09
1.150000000000001021e-02 4.507640075000001221e-09
1.200000000000001066e-02 4.466631075000002319e-09
1.250000000000001110e-02 4.388845075000002770e-09
1.300000000000001155e-02 4.248827075000001238e-09
1.350000000000001199e-02 4.093240075000000667e-09
1.400000000000001243e-02 3.950567075000002311e-09
1.450000000000001288e-02 3.876563074999999844e-09
1.500000000000001332e-02 3.907587075000002114e-09
1.550000000000001377e-02 3.973343075000002482e-09
1.600000000000001421e-02 4.036859075000002658e-09
1.650000000000001465e-02 4.006027075000002862e-09
1.700000000000001510e-02 3.809944075000000656e-09
1.750000000000001554e-02 3.552234075000001553e-09
1.800000000000001599e-02 3.278956075000000007e-09
1.850000000000001643e-02 3.074347075000002208e-09
1.900000000000001688e-02 2.987493074999999729e-09
1.950000000000001732e-02 2.926885075000001337e-09
2.000000000000001776e-02 2.900402075000002350e-09
2.050000000000001821e-02 2.896530075000001394e-09
2.100000000000001865e-02 2.870423075000001497e-09
2.150000000000001910e-02 2.809356075000000305e-09
2.200000000000001954e-02 2.718177075000000118e-09
2.250000000000001998e-02 2.607188075000000182e-09
2.300000000000002043e-02 2.522445075000000612e-09
2.350000000000002087e-02 2.502128075000001788e-09
2.400000000000002132e-02 2.498362075000003189e-09
2.450000000000002176e-02 2.449334075000003221e-09
2.500000000000002220e-02 2.380495075000002772e-09
2.550000000000002265e-02 2.333661075000001981e-09
2.600000000000002309e-02 2.278530075000002908e-09
2.650000000000002354e-02 2.219346075000001016e-09
2.700000000000002398e-02 2.203376075000001536e-09
2.750000000000002442e-02 2.213654075000000991e-09
2.800000000000002487e-02 2.211394075000001456e-09
2.850000000000002531e-02 2.177202075000000546e-09
2.900000000000002576e-02 2.085628075000002657e-09
2.950000000000002620e-02 2.002728075000000390e-09
3.000000000000002665e-02 2.003645075000001535e-09
3.050000000000002709e-02 2.042930075000000950e-09
3.100000000000002753e-02 2.071494075000000315e-09
3.150000000000002798e-02 2.092369075000000825e-09
3.200000000000002842e-02 2.098281075000002738e-09
3.250000000000002887e-02 2.062565075000001990e-09
3.300000000000002931e-02 1.991284075000003133e-09
3.350000000000002975e-02 1.941401075000001931e-09
3.400000000000003020e-02 1.925645075000002012e-09
3.450000000000003064e-02 1.936741075000000419e-09
3.500000000000003109e-02 1.964387075000001215e-09
3.550000000000003153e-02 1.991616074999999777e-09
3.600000000000003197e-02 2.011155075000001647e-09
3.650000000000003242e-02 1.972097075000000560e-09
3.700000000000003286e-02 1.875050075000000906e-09
3.750000000000003331e-02 1.748498075000000741e-09
3.800000000000003375e-02 1.624558074999999616e-09
3.849999999999997868e-02 1.539590074999999667e-09
3.899999999999997913e-02 1.524503075000002075e-09
3.949999999999997957e-02 1.538087075000000112e-09
3.999999999999998002e-02 1.545193075000000273e-09
4.049999999999998046e-02 1.534913075000002249e-09
4.099999999999998090e-02 1.495732075000003105e-09
4.149999999999998135e-02 1.433710075000000649e-09
4.199999999999998179e-02 1.391270075000001362e-09
4.249999999999998224e-02 1.407801075000001830e-09
4.299999999999998268e-02 1.431793075000001678e-09
4.349999999999998312e-02 1.448095075000001319e-09
4.399999999999998357e-02 1.423376075000000300e-09
4.449999999999998401e-02 1.386725075000001147e-09
4.499999999999998446e-02 1.361170075000000608e-09
4.549999999999998490e-02 1.304291075000001843e-09
4.599999999999998535e-02 1.265178075000001629e-09
4.649999999999998579e-02 1.302609075000003130e-09
4.699999999999998623e-02 1.361437075000001348e-09
4.749999999999998668e-02 1.401061075000001293e-09
4.799999999999998712e-02 1.461479074999999915e-09
4.849999999999998757e-02 1.503904075000001245e-09
4.899999999999998801e-02 1.530760075000000019e-09
4.949999999999998845e-02 1.565077075000001484e-09
4.999999999999998890e-02 1.591706075000001310e-09
5.049999999999998934e-02 1.647005075000002858e-09
5.099999999999998979e-02 1.686129075000000375e-09
5.149999999999999023e-02 1.683626075000002994e-09
5.199999999999999067e-02 1.674645075000000914e-09
5.249999999999999112e-02 1.674943075000001816e-09
5.299999999999999156e-02 1.702700075000002840e-09
5.349999999999999201e-02 1.735493075000000950e-09
5.399999999999999245e-02 1.769687075000000429e-09
5.449999999999999289e-02 1.805886075000000254e-09
5.499999999999999334e-02 1.814398074999999862e-09
5.549999999999999378e-02 1.792796075000001905e-09
5.599999999999999423e-02 1.765929075000002726e-09
5.649999999999999467e-02 1.741675075000000009e-09
5.699999999999999512e-02 1.756395075000000554e-09
5.749999999999999556e-02 1.844631075000002481e-09
5.799999999999999600e-02 2.005775075000002644e-09
5.849999999999999645e-02 2.159230075000000228e-09
5.899999999999999689e-02 2.261364075000003094e-09
5.949999999999999734e-02 2.320657075000000027e-09
5.999999999999999778e-02 2.344989075000001137e-09
6.049999999999999822e-02 2.401022075000000297e-09
6.099999999999999867e-02 2.421488075000002778e-09
6.149999999999999911e-02 2.380934075000002506e-09
6.199999999999999956e-02 2.352083075000003057e-09
6.250000000000000000e-02 2.313118075000002251e-09
6.300000000000000044e-02 2.285251075000001731e-09
6.350000000000000089e-02 2.315749075000003004e-09
6.400000000000000133e-02 2.342193075000001140e-09
6.450000000000000178e-02 2.319133075000000188e-09
6.500000000000000222e-02 2.313832075000000725e-09
6.550000000000000266e-02 2.308720075000000298e-09
6.600000000000000311e-02 2.312283074999999948e-09
6.650000000000000355e-02 2.353607075000002896e-09
6.700000000000000400e-02 2.402997075000002040e-09
6.750000000000000444e-02 2.494390075000002202e-09
6.800000000000000488e-02 2.601729075000001638e-09
6.850000000000000533e-02 2.694105074999999583e-09
6.900000000000000577e-02 2.786063075000001594e-09
6.950000000000000622e-02 2.880028075000002313e-09
7.000000000000000666e-02 2.943880075000002890e-09
7.050000000000000711e-02 2.954591074999999753e-09
7.100000000000000755e-02 2.937613075000001551e-09
7.150000000000000799e-02 2.943852075000002650e-09
7.200000000000000844e-02 2.999972075000002659e-09
7.250000000000000888e-02 3.139911075000000928e-09
7.300000000000000933e-02 3.318216075000002620e-09
7.350000000000000977e-02 3.452471075000002173e-09
7.400000000000001021e-02 3.545707075000002946e-09
7.450000000000001066e-02 3.592467075000002069e-09
7.500000000000001110e-02 3.627900075000003181e-09
7.550000000000001155e-02 3.636251075000000891e-09
7.600000000000001199e-02 3.658123075000002819e-09
7.650000000000001243e-02 3.710484075000000257e-09
7.700000000000001288e-02 3.790304075000001745e-09
7.750000000000001332e-02 3.952729075000000799e-09
7.800000000000001377e-02 4.077771075000001245e-09
7.850000000000001421e-02 4.127856075000000664e-09
7.900000000000001465e-02 4.160553075000002707e-09
7.950000000000001510e-02 4.171017075000002310e-09
8.000000000000001554e-02 4.213182075000002443e-09
8.050000000000001599e-02 4.269473075000000713e-09
8.100000000000001643e-02 4.337467075000003115e-09
8.150000000000001688e-02 4.483825075000002374e-09
8.200000000000001732e-02 4.661278075000002547e-09
8.250000000000001776e-02 4.863767075000002011e-09
8.300000000000001821e-02 5.109468075000002836e-09
8.350000000000001865e-02 5.326877075000002907e-09
8.400000000000001910e-02 5.481451075000003164e-09
8.450000000000001954e-02 5.601669075000000277e-09
8.500000000000001998e-02 5.707530075000001717e-09
8.550000000000002043e-02 5.801458075000003463e-09
8.600000000000002087e-02 5.923450075000001939e-09
8.650000000000002132e-02 6.080780075000000609e-09
8.700000000000002176e-02 6.220116075000000633e-09
8.750000000000002220e-02 6.281465074999999901e-09
8.800000000000002265e-02 6.280585075000001451e-09
8.850000000000002309e-02 6.223532075000001813e-09
8.900000000000002354e-02 6.129701075000000382e-09
8.950000000000002398e-02 6.049389075000001291e-09
9.000000000000002442e-02 5.953510075000000489e-09
9.050000000000002487e-02 5.900844075000002193e-09
9.100000000000002531e-02 5.858672075000001483e-09
9.150000000000002576e-02 5.824568075000002569e-09
9.200000000000002620e-02 5.848827075000003157e-09
9.250000000000002665e-02 5.861155075000003034e-09
9.300000000000002709e-02 5.879730075000001598e-09
9.350000000000002753e-02 5.933642075000001690e-09
9.400000000000002798e-02 5.997439075000002933e-09
9.450000000000002842e-02 6.057788075000001894e-09
9.500000000000002887e-02 6.089843075000001118e-09
9.550000000000002931e-02 6.110572075000000582e-09
9.600000000000002975e-02 6.146034075000003080e-09
9.650000000000003020e-02 6.202894074999999925e-09
9.700000000000003064e-02 6.273881075000002670e-09
9.750000000000003109e-02 6.349298075000000611e-09
9.800000000000003153e-02 6.424904075000000898e-09
9.850000000000003197e-02 6.487972075000002195e-09
9.900000000000003242e-02 6.548197075000001333e-09
9.950000000000003286e-02 6.564371075000000495e-09
1.000000000000000333e-01 6.486801075000002799e-09
1.005000000000000338e-01 6.371846075000000894e-09
1.010000000000000342e-01 6.314046075000000535e-09
1.015000000000000346e-01 6.336430075000003133e-09
1.019999999999999796e-01 6.454147075000002055e-09
1.024999999999999800e-01 6.624772075000002797e-09
1.029999999999999805e-01 6.736196075000002433e-09
1.034999999999999809e-01 6.725396075000003256e-09
1.039999999999999813e-01 6.618427075000000169e-09
1.044999999999999818e-01 6.481950075000000786e-09
1.049999999999999822e-01 6.327481075000001740e-09
1.054999999999999827e-01 6.160473075000002559e-09
1.059999999999999831e-01 6.070619074999999986e-09
1.064999999999999836e-01 6.086399075000003420e-09
1.069999999999999840e-01 6.127214075000001691e-09
1.074999999999999845e-01 6.182155075000001409e-09
1.079999999999999849e-01 6.260917075000001886e-09
1.084999999999999853e-01 6.304720075000003043e-09
1.089999999999999858e-01 6.273566075000001519e-09
1.094999999999999862e-01 6.156547075000002587e-09
1.099999999999999867e-01 5.974266075000002769e-09
1.104999999999999871e-01 5.770358075000000954e-09
1.109999999999999876e-01 5.641783075000003391e-09
1.114999999999999880e-01 5.661265075000003221e-09
1.119999999999999885e-01 5.830622075000000944e-09
1.124999999999999889e-01 6.076523075000001003e-09
1.129999999999999893e-01 6.305038075000002669e-09
1.134999999999999898e-01 6.510713075000001961e-09
1.139999999999999902e-01 6.648091075000000698e-09
1.144999999999999907e-01 6.600216075000002660e-09
1.149999999999999911e-01 6.411937075000001640e-09
1.154999999999999916e-01 6.166274075000000521e-09
1.159999999999999920e-01 5.905651075000001761e-09
1.164999999999999925e-01 5.713695075000000733e-09
1.169999999999999929e-01 5.551624075000003682e-09
1.174999999999999933e-01 5.446707075000002896e-09
1.179999999999999938e-01 5.374703075000003524e-09
1.184999999999999942e-01 5.275010075000001229e-09
1.189999999999999947e-01 5.169444075000001182e-09
1.194999999999999951e-01 5.048917075000002349e-09
1.199999999999999956e-01 4.944941075000002914e-09
1.204999999999999960e-01 4.881150075000001102e-09
1.209999999999999964e-01 4.858756075000002762e-09
1.214999999999999969e-01 4.842004075000002156e-09
1.219999999999999973e-01 4.847256075000001302e-09
1.224999999999999978e-01 4.867240075000001509e-09
1.229999999999999982e-01 4.805601075000002442e-09
1.234999999999999987e-01 4.652642075000003322e-09
1.239999999999999991e-01 4.444119075000000278e-09
1.244999999999999996e-01 4.246692075000002258e-09
1.250000000000000000e-01 4.087632075000002189e-09
1.255000000000000004e-01 3.933005075000000754e-09
1.260000000000000009e-01 3.816139075000002618e-09
1.265000000000000013e-01 3.763090075000001347e-09
1.270000000000000018e-01 3.725379075000003233e-09
1.275000000000000022e-01 3.642405075000003019e-09
1.280000000000000027e-01 3.539016075000002933e-09
1.285000000000000031e-01 3.470357075000002788e-09
1.290000000000000036e-01 3.407341075000001524e-09
1.295000000000000040e-01 3.325727074999999742e-09
1.300000000000000044e-01 3.277026075000002269e-09
1.305000000000000049e-01 3.284267075000002658e-09
1.310000000000000053e-01 3.323815075000002778e-09
1.315000000000000058e-01 3.370824075000001866e-09
1.320000000000000062e-01 3.393780075000002340e-09
1.325000000000000067e-01 3.366626075000002869e-09
1.330000000000000071e-01 3.316025075000002746e-09
1.335000000000000075e-01 3.214101075000002303e-09
1.340000000000000080e-01 3.039645075000002921e-09
1.345000000000000084e-01 2.840529075000002923e-09
1.350000000000000089e-01 2.657357075000000322e-09
1.355000000000000093e-01 2.482252075000001680e-09
1.360000000000000098e-01 2.344302075000001758e-09
1.365000000000000102e-01 2.219268075000002208e-09
1.370000000000000107e-01 2.046546075000002192e-09
1.375000000000000111e-01 1.880679074999999874e-09
1.380000000000000115e-01 1.721665075000000820e-09
1.385000000000000120e-01 1.570717075000001063e-09
1.390000000000000124e-01 1.427837075000002897e-09
1.395000000000000129e-01 1.306354075000001653e-09
1.400000000000000133e-01 1.203847075000002309e-09
1.405000000000000138e-01 1.097892075000000889e-09
1.410000000000000142e-01 1.013941075000001910e-09
1.415000000000000147e-01 9.453290750000002033e-10
1.420000000000000151e-01 8.635730750000015457e-10
1.425000000000000155e-01 7.898840749999998163e-10
1.430000000000000160e-01 7.303210750000027383e-10
1.435000000000000164e-01 6.515540750000000468e-10
1.440000000000000169e-01 5.602500750000026129e-10
1.445000000000000173e-01 4.582240750000004156e-10
1.450000000000000178e-01 3.636590750000010632e-10
1.455000000000000182e-01 2.644340750000005089e-10
1.460000000000000187e-01 1.405510750000011912e-10
1.465000000000000191e-01 1.988607500000227915e-11
1.470000000000000195e-01 -1.030139249999990684e-10
1.475000000000000200e-01 -2.323919249999981692e-10
1.480000000000000204e-01 -3.494619249999981847e-10
1.485000000000000209e-01 -4.257399249999984976e-10
1.490000000000000213e-01 -4.818309249999988264e-10
1.495000000000000218e-01 -5.462189249999981082e-10
1.500000000000000222e-01 -6.207209249999987469e-10
1.505000000000000226e-01 -6.750359249999996083e-10
1.510000000000000231e-01 -6.873489249999985297e-10
1.515000000000000235e-01 -7.267429249999981560e-10
1.520000000000000240e-01 -7.714019249999993147e-10
1.525000000000000244e-01 -8.304169249999979988e-10
1.530000000000000249e-01 -8.946979249999991544e-10
1.535000000000000253e-01 -8.878879249999993609e-10
1.540000000000000258e-01 -8.863429249999992386e-10
1.545000000000000262e-01 -9.058219249999980088e-10
1.550000000000000266e-01 -9.360209249999993022e-10
1.555000000000000271e-01 -1.011480924999998957e-09
1.560000000000000275e-01 -1.080087924999999069e-09
1.565000000000000280e-01 -1.120023924999998176e-09
1.570000000000000284e-01 -1.174314924999999141e-09
1.575000000000000289e-01 -1.216296924999998221e-09
1.580000000000000293e-01 -1.217489924999998840e-09
1.585000000000000298e-01 -1.193040924999998276e-09
1.590000000000000302e-01 -1.170220924999998969e-09
1.595000000000000306e-01 -1.173271924999998155e-09
1.600000000000000311e-01 -1.211889924999999603e-09
1.605000000000000315e-01 -1.263045924999998387e-09
1.610000000000000320e-01 -1.281288924999998445e-09
1.615000000000000324e-01 -1.244195924999997982e-09
1.620000000000000329e-01 -1.146312924999998394e-09
1.625000000000000333e-01 -1.085208924999998229e-09
1.630000000000000338e-01 -1.104516924999998634e-09
1.635000000000000342e-01 -1.141211924999998578e-09
1.640000000000000346e-01 -1.216502924999998748e-09
1.645000000000000351e-01 -1.321905924999999361e-09
1.650000000000000355e-01 -1.441665924999998956e-09
1.655000000000000360e-01 -1.493365924999999098e-09
1.660000000000000364e-01 -1.465488924999999112e-09
1.664999999999999813e-01 -1.467721924999999346e-09
1.669999999999999818e-01 -1.513400924999999225e-09
1.674999999999999822e-01 -1.594646924999999298e-09
1.679999999999999827e-01 -1.692065924999998008e-09
1.684999999999999831e-01 -1.805659924999998888e-09
1.689999999999999836e-01 -1.910581924999999200e-09
1.694999999999999840e-01 -1.988044924999998770e-09
1.699999999999999845e-01 -2.027138924999999339e-09
1.704999999999999849e-01 -2.020593924999998303e-09
1.709999999999999853e-01 -1.994469924999999190e-09
1.714999999999999858e-01 -1.998458924999999806e-09
1.719999999999999862e-01 -2.058010924999999891e-09
1.724999999999999867e-01 -2.150704924999999530e-09
1.729999999999999871e-01 -2.278965924999999569e-09
1.734999999999999876e-01 -2.401585924999999297e-09
1.739999999999999880e-01 -2.487049924999999158e-09
1.744999999999999885e-01 -2.539599924999999354e-09
1.749999999999999889e-01 -2.547117924999998707e-09
1.754999999999999893e-01 -2.522328924999998329e-09
1.759999999999999898e-01 -2.504622924999999672e-09
1.764999999999999902e-01 -2.516423924999998234e-09
1.769999999999999907e-01 -2.540156924999998239e-09
1.774999999999999911e-01 -2.571580924999999391e-09
1.779999999999999916e-01 -2.637358924999999326e-09
1.784999999999999920e-01 -2.687797924999998267e-09
1.789999999999999925e-01 -2.671992924999998030e-09
1.794999999999999929e-01 -2.622668924999999246e-09
1.799999999999999933e-01 -2.572549924999998914e-09
1.804999999999999938e-01 -2.530120924999998585e-09
1.809999999999999942e-01 -2.468717924999998233e-09
1.814999999999999947e-01 -2.401671924999999001e-09
1.819999999999999951e-01 -2.370191924999998609e-09
1.824999999999999956e-01 -2.364582924999998985e-09
1.829999999999999960e-01 -2.315151924999998766e-09
1.834999999999999964e-01 -2.198872924999998324e-09
1.839999999999999969e-01 -2.053315924999997976e-09
1.844999999999999973e-01 -1.877270924999999541e-09
1.849999999999999978e-01 -1.734367924999999213e-09
1.854999999999999982e-01 -1.674299924999998010e-09
1.859999999999999987e-01 -1.661313924999998278e-09
1.864999999999999991e-01 -1.659047924999999519e-09
1.869999999999999996e-01 -1.671743924999999658e-09
1.875000000000000000e-01 -1.669705924999998925e-09
1.880000000000000004e-01 -1.599606924999998214e-09
1.885000000000000009e-01 -1.482657924999998228e-09
1.890000000000000013e-01 -1.347339924999998345e-09
1.895000000000000018e-01 -1.238496924999998000e-09
1.900000000000000022e-01 -1.190672924999999469e-09
1.905000000000000027e-01 -1.181446924999999526e-09
1.910000000000000031e-01 -1.181728924999998016e-09
1.915000000000000036e-01 -1.173944924999999069e-09
1.920000000000000040e-01 -1.155063924999998708e-09
1.925000000000000044e-01 -1.090542924999999526e-09
1.930000000000000049e-01 -9.585669249999995674e-10
1.935000000000000053e-01 -8.094329249999994494e-10
1.940000000000000058e-01 -6.552639249999981178e-10
1.945000000000000062e-01 -5.318129249999988095e-10
1.950000000000000067e-01 -5.124089249999990283e-10
1.955000000000000071e-01 -5.558419249999992856e-10
1.960000000000000075e-01 -6.033289249999995788e-10
1.965000000000000080e-01 -6.560809249999995430e-10
1.970000000000000084e-01 -6.837989249999996121e-10
1.975000000000000089e-01 -6.246689249999981836e-10
1.980000000000000093e-01 -4.914169249999993763e-10
1.985000000000000098e-01 -3.307049249999991458e-10
1.990000000000000102e-01 -1.649569249999984946e-10
1.995000000000000107e-01 -1.477592499999858108e-11
2.000000000000000111e-01 9.559607499999956124e-11
2.005000000000000115e-01 1.855510750000028969e-10
2.010000000000000120e-01 2.756930749999995391e-10
2.015000000000000124e-01 3.405710749999997674e-10
2.020000000000000129e-01 4.080620750000001808e-10
2.025000000000000133e-01 5.102850750000023620e-10
2.030000000000000138e-01 6.278460750000007735e-10
2.035000000000000142e-01 7.413520750000018289e-10
2.040000000000000147e-01 8.302010750000015703e-10
2.045000000000000151e-01 9.162090750000012386e-10
2.050000000000000155e-01 1.015736074999999627e-09
2.055000000000000160e-01 1.080909075000001094e-09
2.060000000000000164e-01 1.120212075000001284e-09
2.065000000000000169e-01 1.142734074999999895e-09
2.070000000000000173e-01 1.199381075000001633e-09
2.075000000000000178e-01 1.296820075000002997e-09
2.080000000000000182e-01 1.468987075000001250e-09
2.085000000000000187e-01 1.711034075000000714e-09
2.090000000000000191e-01 1.934483075000002762e-09
2.095000000000000195e-01 2.178119075000001692e-09
2.100000000000000200e-01 2.470423075000002878e-09
2.105000000000000204e-01 2.761098074999999705e-09
2.110000000000000209e-01 2.994996074999999677e-09
2.115000000000000213e-01 3.216357075000001390e-09
2.120000000000000218e-01 3.491842075000001292e-09
2.125000000000000222e-01 3.804481075000002078e-09
2.130000000000000226e-01 4.105794075000002276e-09
2.135000000000000231e-01 4.409114075000002010e-09
2.140000000000000235e-01 4.702318075000001404e-09
2.145000000000000240e-01 4.954501074999999726e-09
2.150000000000000244e-01 5.156575075000003385e-09
2.155000000000000249e-01 5.331565075000000937e-09
2.160000000000000253e-01 5.490382075000002954e-09
2.165000000000000258e-01 5.628175075000001632e-09
2.170000000000000262e-01 5.743129075000002392e-09
2.175000000000000266e-01 5.877664075000002279e-09
2.180000000000000271e-01 6.074806075000002093e-09
2.185000000000000275e-01 6.267895075000001984e-09
2.190000000000000280e-01 6.484807075000003271e-09
2.195000000000000284e-01 6.704331075000002564e-09
2.200000000000000289e-01 6.884046075000000841e-09
2.205000000000000293e-01 7.056071075000002013e-09
2.210000000000000298e-01 7.211922075000000713e-09
2.215000000000000302e-01 7.409774075000001862e-09
2.220000000000000306e-01 7.590846075000001751e-09
2.225000000000000311e-01 7.763017075000001486e-09
2.230000000000000315e-01 7.983856075000002237e-09
2.235000000000000320e-01 8.115195075000002418e-09
2.240000000000000324e-01 8.154610075000001915e-09
2.245000000000000329e-01 8.182697075000000186e-09
2.250000000000000333e-01 8.169157075000001906e-09
2.255000000000000338e-01 8.146715075000003153e-09
2.260000000000000342e-01 8.183244075000000846e-09
2.265000000000000346e-01 8.242991075000003121e-09
2.270000000000000351e-01 8.307775075000003008e-09
2.275000000000000355e-01 8.438803075000003313e-09
2.280000000000000360e-01 8.604560075000003240e-09
2.285000000000000364e-01 8.744448075000002210e-09
2.290000000000000369e-01 8.857254075000000672e-09
2.295000000000000373e-01 8.912070075000002730e-09
2.299999999999999822e-01 8.937381075000001175e-09
2.304999999999999827e-01 8.992572075000002003e-09
2.309999999999999831e-01 9.057649075000000992e-09
2.314999999999999836e-01 9.118066075000001777e-09
2.319999999999999840e-01 9.159884075000001312e-09
2.324999999999999845e-01 9.191589074999999808e-09
2.329999999999999849e-01 9.234996075000001290e-09
2.334999999999999853e-01 9.276773075000002644e-09
2.339999999999999858e-01 9.302376075000001526e-09
2.344999999999999862e-01 9.283929075000000752e-09
2.349999999999999867e-01 9.218400075000001609e-09
2.354999999999999871e-01 9.111851075000000884e-09
2.359999999999999876e-01 9.013367075000001827e-09
2.364999999999999880e-01 8.926586075000002765e-09
2.369999999999999885e-01 8.770301075000003030e-09
2.374999999999999889e-01 8.536636075000001646e-09
2.379999999999999893e-01 8.252252075000002227e-09
2.384999999999999898e-01 7.935937075000001754e-09
2.389999999999999902e-01 7.566482075000000779e-09
2.394999999999999907e-01 7.171762075000000306e-09
2.399999999999999911e-01 6.765110075000002939e-09
2.404999999999999916e-01 6.342890075000000234e-09
2.409999999999999920e-01 5.902678075000001176e-09
2.414999999999999925e-01 5.395386075000001559e-09
2.419999999999999929e-01 4.847680074999999976e-09
2.424999999999999933e-01 4.235317075000001767e-09
2.429999999999999938e-01 3.525574075000001564e-09
2.434999999999999942e-01 2.777840075000000432e-09
2.439999999999999947e-01 1.996358075000000131e-09
2.444999999999999951e-01 1.201732075000002466e-09
