-0.4	0
-0.399	0
-0.398	0
-0.397	0
-0.396	0
-0.395	0
-0.394	0
-0.393	0
-0.392	0
-0.391	0
-0.39	0
-0.389	0
-0.388	0
-0.387	0
-0.386	0
-0.385	0
-0.384	0
-0.383	0
-0.382	0
-0.381	0
-0.38	0
-0.379	0
-0.378	0
-0.377	0
-0.376	0
-0.375	0
-0.373999999999999	0
-0.372999999999999	0
-0.371999999999999	0
-0.370999999999999	0
-0.369999999999999	0
-0.368999999999999	0
-0.367999999999999	0
-0.366999999999999	0
-0.365999999999999	0
-0.364999999999999	0
-0.363999999999999	0
-0.363	0
-0.362	0
-0.361	0
-0.36	0
-0.359	0
-0.358	0
-0.357	0
-0.356	0
-0.355	0
-0.354	0
-0.353	0
-0.352	0
-0.351	0
-0.35	0
-0.349	0
-0.348	0
-0.347	0
-0.346	0
-0.345	0
-0.344	0
-0.343	0
-0.342	0
-0.341	0
-0.34	0
-0.339	0
-0.338	0
-0.337	0
-0.336	0
-0.335	0
-0.334	0
-0.333	0
-0.332	0
-0.331	0
-0.33	0
-0.329	0
-0.328	0
-0.327	0
-0.326	0
-0.325	0
-0.324	0
-0.323	0
-0.322	0
-0.321	0
-0.32	0
-0.319	0
-0.318	0
-0.317	0
-0.316	0
-0.315	0
-0.314	0
-0.313	0
-0.312	0
-0.311	0
-0.31	0
-0.309	0
-0.308	0
-0.307	0
-0.306	0
-0.305	0
-0.304	0
-0.303	0
-0.302	0
-0.301	0
-0.3	0
-0.299	0
-0.298	0
-0.297	0
-0.296	0
-0.295	0
-0.294	0
-0.293	0
-0.292	0
-0.291	0
-0.29	0
-0.289	0
-0.288	0
-0.287	0
-0.286	0
-0.285	0
-0.284	0
-0.283	0
-0.282	0
-0.281	0
-0.28	0
-0.279	0
-0.278	0
-0.277	0
-0.276	0
-0.275	0
-0.274	0
-0.273	0
-0.272	0
-0.271	0
-0.27	0
-0.269	0
-0.268	0
-0.267	0
-0.266	0
-0.265	0
-0.264	0
-0.263	0
-0.262	0
-0.261	0
-0.26	0
-0.259	0
-0.258	0
-0.257	0
-0.256	0
-0.255	0
-0.254	0
-0.253	0
-0.252	0
-0.251	0
-0.25	0
-0.249	0
-0.248	0
-0.247	0
-0.246	0
-0.245	0
-0.244	0
-0.243	0
-0.242	0
-0.241	0
-0.24	0
-0.239	0
-0.238	0
-0.237	0
-0.236	0
-0.235	0
-0.234	0
-0.233	0
-0.232	0
-0.231	0
-0.23	0
-0.229	0
-0.228	0
-0.227	0
-0.226	0
-0.225	0
-0.224	0
-0.223	0
-0.222	0
-0.221	0
-0.22	0
-0.219	0
-0.218	0
-0.217	0
-0.216	0
-0.215	0
-0.214	0
-0.213	0
-0.212	0
-0.211	0
-0.21	0
-0.209	0
-0.208	0
-0.207	0
-0.206	0
-0.205	0
-0.204	0
-0.203	0
-0.202	0
-0.201	0
-0.2	0
-0.199	0
-0.198	0
-0.197	0
-0.196	0
-0.195	0
-0.194	0
-0.193	0
-0.192	0
-0.191	0
-0.19	0
-0.189	0
-0.188	0
-0.187	0
-0.186	0
-0.185	0
-0.184	0
-0.183	0
-0.182	0
-0.181	0
-0.18	0
-0.179	0
-0.178	0
-0.177	0
-0.176	0
-0.175	0
-0.174	0
-0.173	0
-0.172	0
-0.171	0
-0.17	0
-0.169	0
-0.168	0
-0.167	0
-0.166	0
-0.165	0
-0.164	0
-0.163	0
-0.162	0
-0.161	0
-0.16	0
-0.159	0
-0.158	0
-0.157	0
-0.156	0
-0.155	0
-0.154	0
-0.153	0
-0.152	0
-0.151	0
-0.15	0
-0.149	0
-0.148	0
-0.147	0
-0.146	0
-0.145	0
-0.144	0
-0.143	0
-0.142	0
-0.141	0
-0.14	0
-0.139	0
-0.138	0
-0.137	0
-0.136	0
-0.135	0
-0.134	0
-0.133	0
-0.132	0
-0.131	0
-0.13	0
-0.129	0
-0.128	0
-0.127	0
-0.126	0
-0.125	0
-0.123999999999999	0
-0.122999999999999	0
-0.121999999999999	0
-0.120999999999999	0
-0.119999999999999	0
-0.118999999999999	0
-0.117999999999999	0
-0.116999999999999	0
-0.115999999999999	0
-0.114999999999999	0
-0.113999999999999	0
-0.112999999999999	0
-0.111999999999999	0
-0.111	0
-0.11	0
-0.109	0
-0.108	0
-0.107	0
-0.106	0
-0.105	0
-0.104	0
-0.103	0
-0.102	0
-0.101	0
-0.1	0
-0.099	0
-0.098	0
-0.097	0
-0.096	0
-0.095	0
-0.094	0
-0.093	0
-0.092	0
-0.091	0
-0.09	0
-0.089	0
-0.088	0
-0.087	0
-0.086	0
-0.085	0
-0.084	0
-0.083	0
-0.082	0
-0.081	0
-0.08	0
-0.079	0
-0.078	0
-0.077	0
-0.076	0
-0.075	0
-0.074	0
-0.073	0
-0.072	0
-0.071	0
-0.07	0
-0.069	0
-0.068	0
-0.067	0
-0.066	0
-0.065	0
-0.064	0
-0.063	0
-0.0619999999999999	0
-0.0609999999999999	0
-0.0599999999999999	0
-0.0589999999999999	0
-0.0579999999999999	0
-0.0569999999999999	0
-0.0559999999999999	0
-0.0549999999999999	0
-0.0539999999999999	0
-0.0529999999999999	0
-0.0519999999999999	0
-0.0509999999999999	0
-0.0499999999999999	0
-0.0489999999999999	0
-0.048	0
-0.047	0
-0.046	0
-0.045	0
-0.044	0
-0.043	0
-0.042	0
-0.041	0
-0.04	0
-0.039	0
-0.038	0
-0.037	0
-0.036	0
-0.035	0
-0.034	0
-0.033	0
-0.032	0
-0.031	0
-0.03	0
-0.029	0
-0.028	0
-0.027	0
-0.026	0
-0.025	0
-0.024	0
-0.023	0
-0.022	0
-0.021	0
-0.02	0
-0.019	0
-0.018	0
-0.017	0
-0.016	0
-0.015	0
-0.014	0
-0.013	0
-0.012	0
-0.011	0
-0.01	0
-0.009	0
-0.008	0
-0.007	0
-0.006	0
-0.005	0
-0.004	0
-0.003	0
-0.002	0
-0.001	0
0.00	0
0.001	0
0.002	0
0.003	0
0.004	0
0.005	0
0.006	0
0.007	0
0.008	0
0.009	0
0.01	0
0.011	0
0.012	0
0.013	0
0.014	0
0.015	0
0.016	0
0.0169999999999999	0
0.0179999999999999	0
0.0189999999999999	0
0.0199999999999999	0
0.0209999999999999	0
0.0219999999999999	0
0.0229999999999999	0
0.0239999999999999	0
0.0249999999999999	0
0.0259999999999999	0
0.0269999999999999	0
0.0279999999999999	0
0.0289999999999999	0
0.0299999999999999	0
0.0309999999999999	0
0.0319999999999999	0
0.0329999999999999	0
0.0339999999999999	0
0.0349999999999999	0
0.0359999999999999	0
0.0369999999999999	0
0.0379999999999999	0
0.0389999999999999	0
0.0399999999999999	0
0.0409999999999999	0
0.0419999999999999	0
0.0429999999999999	0
0.0439999999999999	0
0.0449999999999999	0
0.0459999999999999	0
0.0469999999999999	0
0.0479999999999999	0
0.0489999999999999	0
0.0499999999999999	0
0.0509999999999999	0
0.0519999999999999	0
0.0529999999999999	0
0.0539999999999999	0
0.0549999999999999	0
0.0559999999999999	0
0.0569999999999999	0
0.0579999999999999	0
0.0589999999999999	0
0.0599999999999999	0
0.0609999999999999	0
0.0619999999999999	0
0.063	0
0.064	0
0.065	0
0.066	0
0.067	0
0.068	0
0.069	0
0.07	0
0.071	0
0.072	0
0.073	0
0.074	0
0.075	0
0.076	0
0.077	0
0.078	0
0.079	0
0.0799999999999999	0
0.0809999999999999	0
0.0819999999999999	0
0.0829999999999999	0
0.0839999999999999	0
0.0849999999999999	0
0.0859999999999999	0
0.0869999999999999	0
0.0879999999999999	0
0.0889999999999999	0
0.0899999999999999	0
0.0909999999999999	0
0.0919999999999999	0
0.0929999999999999	0
0.0939999999999999	0
0.0949999999999999	0
0.0959999999999999	0
0.0969999999999999	0
0.0979999999999999	0
0.0989999999999999	0
0.0999999999999999	0
0.100999999999999	0
0.101999999999999	0
0.102999999999999	0
0.103999999999999	0
0.104999999999999	0
0.105999999999999	0
0.106999999999999	0
0.107999999999999	0
0.108999999999999	0
0.109999999999999	0
0.110999999999999	0
0.111999999999999	0
0.112999999999999	0
0.113999999999999	0
0.114999999999999	0
0.115999999999999	0
0.116999999999999	0
0.117999999999999	0
0.118999999999999	0
0.119999999999999	0
0.120999999999999	0
0.121999999999999	0
0.122999999999999	0
0.123999999999999	0
0.125	0
0.126	0
0.127	0
0.128	0
0.129	0
0.13	0
0.131	0
0.132	0
0.133	0
0.134	0
0.135	0
0.136	0
0.137	0
0.138	0
0.139	0
0.14	0
0.141	0
0.142	0
0.143	0
0.144	0
0.145	0
0.146	0
0.147	0
0.148	0
0.149	0
0.15	0
0.151	0
0.152	0
0.153	0
0.154	0
0.155	0
0.156	0
0.157	0
0.158	0
0.159	0
0.16	0
0.161	0
0.162	0
0.163	0
0.164	0
0.165	0
0.166	0
0.167	0
0.168	0
0.169	0
0.17	0
0.171	0
0.172	0
0.173	0
0.174	0
0.175	0
0.176	0
0.176999999999999	0
0.177999999999999	0
0.178999999999999	0
0.179999999999999	0
0.180999999999999	0
0.181999999999999	0
0.182999999999999	0
0.183999999999999	0
0.184999999999999	0
0.185999999999999	0
0.186999999999999	0
0.187999999999999	0
0.188999999999999	0
0.189999999999999	0
0.190999999999999	0
0.191999999999999	0
0.192999999999999	0
0.193999999999999	0
0.194999999999999	0
0.195999999999999	0
0.196999999999999	0
0.197999999999999	0
0.198999999999999	0
0.199999999999999	0
0.200999999999999	0
0.201999999999999	0
0.202999999999999	0
0.203999999999999	0
0.204999999999999	0
0.205999999999999	0
0.206999999999999	0
0.207999999999999	0
0.208999999999999	0
0.209999999999999	0
0.210999999999999	0
0.211999999999999	0
0.212999999999999	0
0.213999999999999	0
0.214999999999999	0
0.215999999999999	0
0.216999999999999	0
0.217999999999999	0
0.218999999999999	0
0.219999999999999	0
0.220999999999999	0
0.221999999999999	0
0.222999999999999	0
0.223999999999999	0
0.224999999999999	0
0.225999999999999	0
0.226999999999999	0
0.227999999999999	0
0.228999999999999	0
0.229999999999999	0
0.230999999999999	0
0.231999999999999	0
0.232999999999999	0
0.233999999999999	0
0.234999999999999	0
0.235999999999999	0
0.236999999999999	0
0.237999999999999	0
0.238999999999999	0
0.239999999999999	0
0.240999999999999	0
0.241999999999999	0
0.242999999999999	0
0.243999999999999	0
0.244999999999999	0
0.245999999999999	0
0.246999999999999	0
0.247999999999999	0
0.248999999999999	0
0.25	0
0.251	0
0.252	0
0.253	0
0.254	0
0.255	0
0.256	0
0.257	0
0.258	0
0.259	0
0.26	0
0.261	0
0.262	0
0.263	0
0.264	0
0.265	0
0.266	0
0.267	0
0.268	0
0.269	0
0.27	0
0.271	0
0.272	0
0.273	0
0.274	0
0.275	0
0.276	0
0.277	0
0.278	0
0.279	0
0.28	0
0.281	0
0.282	0
0.283	0
0.284	0
0.285	0
0.286	0
0.287	0
0.288	0
0.289	0
0.29	0
0.291	0
0.292	0
0.293	0
0.294	0
0.295	0
0.296	0
0.297	0
0.298	0
0.299	0
0.3	0
0.301	0
0.302	0
0.303	0
0.303999999999999	0
0.304999999999999	0
0.305999999999999	0
0.306999999999999	0
0.307999999999999	0
0.308999999999999	0
0.309999999999999	0
0.310999999999999	0
0.311999999999999	0
0.312999999999999	0
0.313999999999999	0
0.314999999999999	0
0.315999999999999	0
0.316999999999999	0
0.317999999999999	0
0.318999999999999	0
0.319999999999999	0
0.320999999999999	0
0.321999999999999	0
0.322999999999999	0
0.323999999999999	0
0.324999999999999	0
0.325999999999999	0
0.326999999999999	0
0.327999999999999	0
0.328999999999999	0
0.329999999999999	0
0.330999999999999	0
0.331999999999999	0
0.332999999999999	0
0.333999999999999	0
0.334999999999999	0
0.335999999999999	0
0.336999999999999	0
0.337999999999999	0
0.338999999999999	0
0.339999999999999	0
0.340999999999999	0
0.341999999999999	0
0.342999999999999	0
0.343999999999999	0
0.344999999999999	0
0.345999999999999	0
0.346999999999999	0
0.347999999999999	0
0.348999999999999	0
0.349999999999999	0
0.350999999999999	0
0.351999999999999	0
0.352999999999999	0
0.353999999999999	0
0.354999999999999	0
0.355999999999999	0
0.356999999999999	0
0.357999999999999	0
0.358999999999999	0
0.359999999999999	0
0.360999999999999	0
0.361999999999999	0
0.362999999999999	0
0.363999999999999	0
0.364999999999999	0
0.365999999999999	0
0.366999999999999	0
0.367999999999999	0
0.368999999999999	0
0.369999999999999	0
0.370999999999999	0
0.371999999999999	0
0.372999999999999	0
0.373999999999999	0
0.375	0
0.376	0
0.377	0
0.378	0
0.379	0
0.38	0
0.381	0
0.382	0
0.383	0
0.384	0
0.385	0
0.386	0
0.387	0
0.388	0
0.389	0
0.39	0
0.391	0
0.392	0
0.393	0
0.394	0
0.395	0
0.396	0
0.397	0
0.398	0
0.399	0
