-4.000000000000000222e-01 7.371070100000000470e-08
-3.990000000000000213e-01 7.385252900000000501e-08
-3.980000000000000204e-01 7.392161600000000179e-08
-3.970000000000000195e-01 7.394845700000001150e-08
-3.960000000000000187e-01 7.394564900000000313e-08
-3.950000000000000178e-01 7.393086800000001292e-08
-3.940000000000000169e-01 7.391443300000000500e-08
-3.930000000000000160e-01 7.385222200000000310e-08
-3.920000000000000151e-01 7.372767100000000779e-08
-3.910000000000000142e-01 7.360076900000000752e-08
-3.900000000000000133e-01 7.353490300000000848e-08
-3.890000000000000124e-01 7.353862000000000553e-08
-3.880000000000000115e-01 7.356211200000000315e-08
-3.870000000000000107e-01 7.357842500000000527e-08
-3.860000000000000098e-01 7.360296400000000247e-08
-3.850000000000000089e-01 7.361809900000000626e-08
-3.840000000000000080e-01 7.358883800000000598e-08
-3.830000000000000071e-01 7.352874600000000126e-08
-3.820000000000000062e-01 7.348731400000000235e-08
-3.810000000000000053e-01 7.349115700000000647e-08
-3.800000000000000044e-01 7.354352700000000471e-08
-3.790000000000000036e-01 7.363710700000000389e-08
-3.780000000000000027e-01 7.375191400000000328e-08
-3.770000000000000018e-01 7.387584300000000545e-08
-3.760000000000000009e-01 7.401037400000000571e-08
-3.750000000000000000e-01 7.414163500000000254e-08
-3.739999999999999991e-01 7.429564100000001364e-08
-3.729999999999999982e-01 7.451870200000001132e-08
-3.719999999999999973e-01 7.477863000000000526e-08
-3.709999999999999964e-01 7.501402799999999494e-08
-3.699999999999999956e-01 7.520477300000000119e-08
-3.689999999999999947e-01 7.536359600000000264e-08
-3.679999999999999938e-01 7.550263300000000330e-08
-3.669999999999999929e-01 7.564528000000000991e-08
-3.659999999999999920e-01 7.583103300000001304e-08
-3.649999999999999911e-01 7.607134000000000916e-08
-3.639999999999999902e-01 7.635244600000001086e-08
-3.630000000000000449e-01 7.665081900000000776e-08
-3.620000000000000440e-01 7.693928699999999382e-08
-3.610000000000000431e-01 7.723033000000000332e-08
-3.600000000000000422e-01 7.753193200000000051e-08
-3.590000000000000413e-01 7.779872600000000599e-08
-3.580000000000000404e-01 7.799520400000000342e-08
-3.570000000000000395e-01 7.813293899999999271e-08
-3.560000000000000386e-01 7.825446900000000108e-08
-3.550000000000000377e-01 7.840053600000001262e-08
-3.540000000000000369e-01 7.856704100000000780e-08
-3.530000000000000360e-01 7.873670099999999954e-08
-3.520000000000000351e-01 7.891611000000000533e-08
-3.510000000000000342e-01 7.910212000000000105e-08
-3.500000000000000333e-01 7.927667200000000373e-08
-3.490000000000000324e-01 7.942197000000000507e-08
-3.480000000000000315e-01 7.951347400000000422e-08
-3.470000000000000306e-01 7.951549400000001286e-08
-3.460000000000000298e-01 7.942456100000000713e-08
-3.450000000000000289e-01 7.933180299999999867e-08
-3.440000000000000280e-01 7.934481900000000528e-08
-3.430000000000000271e-01 7.944273500000001022e-08
-3.420000000000000262e-01 7.954634600000000083e-08
-3.410000000000000253e-01 7.963795199999999941e-08
-3.400000000000000244e-01 7.972317900000000603e-08
-3.390000000000000235e-01 7.981041100000000658e-08
-3.380000000000000226e-01 7.990665199999999705e-08
-3.370000000000000218e-01 7.999042700000000403e-08
-3.360000000000000209e-01 8.003480400000000535e-08
-3.350000000000000200e-01 8.007035999999999728e-08
-3.340000000000000191e-01 8.016530899999999941e-08
-3.330000000000000182e-01 8.035078900000000486e-08
-3.320000000000000173e-01 8.061888500000000848e-08
-3.310000000000000164e-01 8.093505600000000771e-08
-3.300000000000000155e-01 8.122550800000000418e-08
-3.290000000000000147e-01 8.141857100000000157e-08
-3.280000000000000138e-01 8.156065500000000408e-08
-3.270000000000000129e-01 8.175832500000001090e-08
-3.260000000000000120e-01 8.200132900000000979e-08
-3.250000000000000111e-01 8.222319300000000641e-08
-3.240000000000000102e-01 8.240418499999999734e-08
-3.230000000000000093e-01 8.254125000000000466e-08
-3.220000000000000084e-01 8.267167600000001655e-08
-3.210000000000000075e-01 8.286417400000001582e-08
-3.200000000000000067e-01 8.313466200000001431e-08
-3.190000000000000058e-01 8.344803500000001499e-08
-3.180000000000000049e-01 8.377151400000000123e-08
-3.170000000000000040e-01 8.411380600000000566e-08
-3.160000000000000031e-01 8.449669199999999994e-08
-3.150000000000000022e-01 8.489064700000000554e-08
-3.140000000000000013e-01 8.526308600000000812e-08
-3.130000000000000004e-01 8.559726700000001111e-08
-3.120000000000000551e-01 8.585725100000000966e-08
-3.110000000000000542e-01 8.603980600000000583e-08
-3.100000000000000533e-01 8.620010799999999897e-08
-3.090000000000000524e-01 8.641530299999999722e-08
-3.080000000000000515e-01 8.672241800000000810e-08
-3.070000000000000506e-01 8.706993000000000892e-08
-3.060000000000000497e-01 8.738979000000000951e-08
-3.050000000000000488e-01 8.767607400000000082e-08
-3.040000000000000480e-01 8.795685100000000022e-08
-3.030000000000000471e-01 8.823824100000001303e-08
-3.020000000000000462e-01 8.852460200000000573e-08
-3.010000000000000453e-01 8.881239600000000856e-08
-3.000000000000000444e-01 8.908868200000000902e-08
-2.990000000000000435e-01 8.936194900000000334e-08
-2.980000000000000426e-01 8.962972499999999760e-08
-2.970000000000000417e-01 8.988137900000000761e-08
-2.960000000000000409e-01 9.013766600000000226e-08
-2.950000000000000400e-01 9.044413300000000511e-08
-2.940000000000000391e-01 9.080718899999999782e-08
-2.930000000000000382e-01 9.120201900000001434e-08
-2.920000000000000373e-01 9.158493900000001284e-08
-2.910000000000000364e-01 9.193195099999999986e-08
-2.900000000000000355e-01 9.227151800000000583e-08
-2.890000000000000346e-01 9.263362300000000310e-08
-2.880000000000000338e-01 9.300087600000001351e-08
-2.870000000000000329e-01 9.330115200000000492e-08
-2.860000000000000320e-01 9.350878199999999710e-08
-2.850000000000000311e-01 9.369298900000000372e-08
-2.840000000000000302e-01 9.391782200000001040e-08
-2.830000000000000293e-01 9.414912900000000955e-08
-2.820000000000000284e-01 9.433527400000000529e-08
-2.810000000000000275e-01 9.447335599999999600e-08
-2.800000000000000266e-01 9.455592100000000770e-08
-2.790000000000000258e-01 9.459016699999999894e-08
-2.780000000000000249e-01 9.459791000000000219e-08
-2.770000000000000240e-01 9.458280800000001222e-08
-2.760000000000000231e-01 9.451803999999999924e-08
-2.750000000000000222e-01 9.438079500000001395e-08
-2.740000000000000213e-01 9.419970499999999839e-08
-2.730000000000000204e-01 9.401226200000001902e-08
-2.720000000000000195e-01 9.378857900000000173e-08
-2.710000000000000187e-01 9.352212600000000238e-08
-2.700000000000000178e-01 9.328625500000000420e-08
-2.690000000000000169e-01 9.309886500000000533e-08
-2.680000000000000160e-01 9.290809400000001064e-08
-2.670000000000000151e-01 9.269520200000000206e-08
-2.660000000000000142e-01 9.247954599999999914e-08
-2.650000000000000133e-01 9.226864399999999627e-08
-2.640000000000000124e-01 9.204843599999999814e-08
-2.630000000000000115e-01 9.181093600000000676e-08
-2.620000000000000107e-01 9.158952499999999904e-08
-2.610000000000000098e-01 9.140962200000000122e-08
-2.600000000000000089e-01 9.126777800000000904e-08
-2.590000000000000080e-01 9.115282500000000943e-08
-2.580000000000000071e-01 9.104440300000001052e-08
-2.570000000000000062e-01 9.093667900000000251e-08
-2.560000000000000053e-01 9.083129700000000652e-08
-2.550000000000000044e-01 9.071773600000001389e-08
-2.540000000000000036e-01 9.059969300000000204e-08
-2.530000000000000027e-01 9.050099100000000463e-08
-2.520000000000000018e-01 9.042411000000000488e-08
-2.510000000000000009e-01 9.034652699999999973e-08
-2.500000000000000000e-01 9.024320400000000827e-08
-2.490000000000000269e-01 9.011180799999999819e-08
-2.480000000000000260e-01 8.995419200000000762e-08
-2.470000000000000251e-01 8.976479600000001118e-08
-2.460000000000000242e-01 8.955315200000000339e-08
-2.450000000000000233e-01 8.930887400000000205e-08
-2.440000000000000224e-01 8.901855899999999963e-08
-2.430000000000000215e-01 8.870347099999999820e-08
-2.420000000000000207e-01 8.835959000000000010e-08
-2.410000000000000198e-01 8.796989900000000379e-08
-2.400000000000000189e-01 8.755632500000000763e-08
-2.390000000000000180e-01 8.715148899999999772e-08
-2.380000000000000171e-01 8.674733100000001203e-08
-2.370000000000000162e-01 8.630303800000000743e-08
-2.360000000000000153e-01 8.581671400000001481e-08
-2.350000000000000144e-01 8.531293000000000185e-08
-2.340000000000000135e-01 8.479213900000001041e-08
-2.330000000000000127e-01 8.422550599999999732e-08
-2.320000000000000118e-01 8.358195200000001143e-08
-2.310000000000000109e-01 8.286428200000001054e-08
-2.300000000000000100e-01 8.210177199999999639e-08
-2.290000000000000091e-01 8.131230600000000535e-08
-2.280000000000000082e-01 8.051302900000001359e-08
-2.270000000000000073e-01 7.974348300000000650e-08
-2.260000000000000064e-01 7.903158400000000228e-08
-2.250000000000000056e-01 7.835778700000000086e-08
-2.240000000000000324e-01 7.768625199999999921e-08
-2.230000000000000315e-01 7.700689800000000979e-08
-2.220000000000000306e-01 7.633036000000000482e-08
-2.210000000000000298e-01 7.565816500000000454e-08
-2.200000000000000289e-01 7.498305999999999646e-08
-2.190000000000000280e-01 7.432872399999999480e-08
-2.180000000000000271e-01 7.371982500000000149e-08
-2.170000000000000262e-01 7.316227800000000617e-08
-2.160000000000000253e-01 7.265336200000001164e-08
-2.150000000000000244e-01 7.217763700000000624e-08
-2.140000000000000235e-01 7.173597100000001518e-08
-2.130000000000000226e-01 7.131735500000000658e-08
-2.120000000000000218e-01 7.090154400000000871e-08
-2.110000000000000209e-01 7.048831199999999584e-08
-2.100000000000000200e-01 7.005322599999999795e-08
-2.090000000000000191e-01 6.956953300000000690e-08
-2.080000000000000182e-01 6.905396100000000822e-08
-2.070000000000000173e-01 6.853861300000000154e-08
-2.060000000000000164e-01 6.804666800000000050e-08
-2.050000000000000155e-01 6.757497499999999660e-08
-2.040000000000000147e-01 6.708358499999999712e-08
-2.030000000000000138e-01 6.653630500000000229e-08
-2.020000000000000129e-01 6.594274500000001163e-08
-2.010000000000000120e-01 6.533449200000000587e-08
-2.000000000000000111e-01 6.474482600000000581e-08
-1.990000000000000102e-01 6.417529999999999365e-08
-1.980000000000000093e-01 6.359304899999999816e-08
-1.970000000000000084e-01 6.298727899999999974e-08
-1.960000000000000075e-01 6.236199500000000784e-08
-1.950000000000000067e-01 6.172515099999999701e-08
-1.940000000000000058e-01 6.107164000000001018e-08
-1.930000000000000049e-01 6.039278999999999613e-08
-1.920000000000000040e-01 5.968933199999999928e-08
-1.910000000000000309e-01 5.896821700000000865e-08
-1.900000000000000300e-01 5.825491700000000450e-08
-1.890000000000000291e-01 5.754931100000000453e-08
-1.880000000000000282e-01 5.685225600000000067e-08
-1.870000000000000273e-01 5.622768800000000540e-08
-1.860000000000000264e-01 5.571075700000000695e-08
-1.850000000000000255e-01 5.524425000000000183e-08
-1.840000000000000246e-01 5.474708400000000740e-08
-1.830000000000000238e-01 5.418427599999999931e-08
-1.820000000000000229e-01 5.356858600000000843e-08
-1.810000000000000220e-01 5.292048400000000215e-08
-1.800000000000000211e-01 5.227254300000000417e-08
-1.790000000000000202e-01 5.165804900000000412e-08
-1.780000000000000193e-01 5.108357900000000413e-08
-1.770000000000000184e-01 5.053219600000000172e-08
-1.760000000000000175e-01 4.996794900000000144e-08
-1.750000000000000167e-01 4.936153399999999925e-08
-1.740000000000000158e-01 4.874806900000000627e-08
-1.730000000000000149e-01 4.818882599999999971e-08
-1.720000000000000140e-01 4.769094299999999840e-08
-1.710000000000000131e-01 4.721019100000000188e-08
-1.700000000000000122e-01 4.671837699999999959e-08
-1.690000000000000113e-01 4.620583800000000490e-08
-1.680000000000000104e-01 4.563278800000000097e-08
-1.670000000000000095e-01 4.497567600000000114e-08
-1.660000000000000087e-01 4.424722700000000197e-08
-1.650000000000000078e-01 4.348284100000000523e-08
-1.640000000000000069e-01 4.272251500000000568e-08
-1.630000000000000060e-01 4.198389000000000524e-08
-1.620000000000000051e-01 4.128783399999999889e-08
-1.610000000000000042e-01 4.066763700000000400e-08
-1.600000000000000311e-01 4.012189500000000313e-08
-1.590000000000000302e-01 3.961109600000000724e-08
-1.580000000000000293e-01 3.905942699999999968e-08
-1.570000000000000284e-01 3.840996300000000260e-08
-1.560000000000000275e-01 3.767121400000000234e-08
-1.550000000000000266e-01 3.685966599999999992e-08
-1.540000000000000258e-01 3.600755500000000760e-08
-1.530000000000000249e-01 3.517249999999999946e-08
-1.520000000000000240e-01 3.438918799999999815e-08
-1.510000000000000231e-01 3.367760599999999902e-08
-1.500000000000000222e-01 3.306915100000000166e-08
-1.490000000000000213e-01 3.254094900000000031e-08
-1.480000000000000204e-01 3.204621999999999855e-08
-1.470000000000000195e-01 3.159677999999999767e-08
-1.460000000000000187e-01 3.120789000000000192e-08
-1.450000000000000178e-01 3.083426499999999847e-08
-1.440000000000000169e-01 3.043341600000000549e-08
-1.430000000000000160e-01 3.004077700000000250e-08
-1.420000000000000151e-01 2.970003600000000280e-08
-1.410000000000000142e-01 2.939601700000000276e-08
-1.400000000000000133e-01 2.911103300000000233e-08
-1.390000000000000124e-01 2.882760100000000363e-08
-1.380000000000000115e-01 2.850189900000000359e-08
-1.370000000000000107e-01 2.813095500000000111e-08
-1.360000000000000098e-01 2.772101200000000436e-08
-1.350000000000000089e-01 2.724807500000000095e-08
-1.340000000000000080e-01 2.670097700000000458e-08
-1.330000000000000071e-01 2.610706900000000226e-08
-1.320000000000000062e-01 2.549692400000000219e-08
-1.310000000000000053e-01 2.486598600000000128e-08
-1.300000000000000044e-01 2.421108800000000245e-08
-1.290000000000000036e-01 2.359082700000000370e-08
-1.280000000000000027e-01 2.307432800000000399e-08
-1.270000000000000018e-01 2.265631600000000264e-08
-1.260000000000000009e-01 2.230069400000000070e-08
-1.250000000000000000e-01 2.195120899999999961e-08
-1.239999999999999991e-01 2.156293200000000074e-08
-1.229999999999999982e-01 2.113829899999999978e-08
-1.219999999999999973e-01 2.070748100000000252e-08
-1.209999999999999964e-01 2.030784500000000247e-08
-1.199999999999999956e-01 1.993482200000000232e-08
-1.189999999999999947e-01 1.957378400000000107e-08
-1.179999999999999938e-01 1.922684999999999922e-08
-1.169999999999999929e-01 1.888868500000000011e-08
-1.159999999999999920e-01 1.855199999999999963e-08
-1.149999999999999911e-01 1.819924000000000011e-08
-1.139999999999999902e-01 1.782814600000000276e-08
-1.129999999999999893e-01 1.745238500000000001e-08
-1.119999999999999885e-01 1.704326300000000027e-08
-1.110000000000000431e-01 1.658174600000000094e-08
-1.100000000000000422e-01 1.608942400000000216e-08
-1.090000000000000413e-01 1.556444000000000090e-08
-1.080000000000000404e-01 1.501485900000000050e-08
-1.070000000000000395e-01 1.448233200000000019e-08
-1.060000000000000386e-01 1.401174300000000080e-08
-1.050000000000000377e-01 1.363763000000000060e-08
-1.040000000000000369e-01 1.334727100000000070e-08
-1.030000000000000360e-01 1.308226100000000142e-08
-1.020000000000000351e-01 1.279384800000000146e-08
-1.010000000000000342e-01 1.247031900000000093e-08
-1.000000000000000333e-01 1.211135500000000072e-08
-9.900000000000003242e-02 1.172586199999999927e-08
-9.800000000000003153e-02 1.133545499999999971e-08
-9.700000000000003064e-02 1.093038200000000027e-08
-9.600000000000002975e-02 1.049093200000000093e-08
-9.500000000000002887e-02 1.003506400000000074e-08
-9.400000000000002798e-02 9.581307000000001808e-09
-9.300000000000002709e-02 9.169299000000001922e-09
-9.200000000000002620e-02 8.829484999999999935e-09
-9.100000000000002531e-02 8.514025000000000696e-09
-9.000000000000002442e-02 8.200920000000001082e-09
-8.900000000000002354e-02 7.917645000000001148e-09
-8.800000000000002265e-02 7.682926000000001268e-09
-8.700000000000002176e-02 7.482338999999999301e-09
-8.600000000000002087e-02 7.282270000000000331e-09
-8.500000000000001998e-02 7.067923000000001092e-09
-8.400000000000001910e-02 6.825901000000000084e-09
-8.300000000000001821e-02 6.527104999999999868e-09
-8.200000000000001732e-02 6.135944000000000664e-09
-8.100000000000001643e-02 5.659973000000000386e-09
-8.000000000000001554e-02 5.155943000000000008e-09
-7.900000000000001465e-02 4.664292000000000048e-09
-7.800000000000001377e-02 4.218598000000000490e-09
-7.700000000000001288e-02 3.854629000000000462e-09
-7.600000000000001199e-02 3.576756000000000340e-09
-7.500000000000001110e-02 3.370343999999999792e-09
-7.400000000000001021e-02 3.175962999999999985e-09
-7.300000000000000933e-02 2.879283000000000137e-09
-7.200000000000000844e-02 2.431569000000000209e-09
-7.100000000000000755e-02 1.949266000000000204e-09
-7.000000000000000666e-02 1.568239000000000048e-09
-6.900000000000000577e-02 1.291018000000000142e-09
-6.800000000000000488e-02 1.077331000000000154e-09
-6.700000000000000400e-02 9.145959999999999920e-10
-6.600000000000000311e-02 7.736030000000001254e-10
-6.500000000000000222e-02 6.290470000000000923e-10
-6.400000000000000133e-02 4.965450000000000674e-10
-6.300000000000000044e-02 3.874210000000000521e-10
-6.199999999999999956e-02 2.987530000000000022e-10
-6.099999999999999867e-02 2.349710000000000254e-10
-5.999999999999999778e-02 2.018909999999999959e-10
-5.899999999999999689e-02 1.950060000000000243e-10
-5.799999999999999600e-02 2.101370000000000106e-10
-5.699999999999999512e-02 2.280380000000000039e-10
-5.599999999999999423e-02 2.135880000000000176e-10
-5.499999999999999334e-02 1.726989999999999999e-10
-5.399999999999999245e-02 1.292120000000000032e-10
-5.299999999999999156e-02 7.602399999999999514e-11
-5.199999999999999067e-02 2.127000000000000125e-11
-5.099999999999998979e-02 0.000000000000000000e+00
-4.999999999999998890e-02 2.740200000000000138e-11
-4.899999999999998801e-02 9.932400000000000774e-11
-4.800000000000004263e-02 1.903650000000000194e-10
-4.700000000000004174e-02 2.929150000000000168e-10
-4.600000000000004086e-02 4.344470000000000612e-10
-4.500000000000003997e-02 6.272350000000000576e-10
-4.400000000000003908e-02 8.618790000000000178e-10
-4.300000000000003819e-02 1.127646000000000099e-09
-4.200000000000003730e-02 1.403200999999999981e-09
-4.100000000000003642e-02 1.677283000000000152e-09
-4.000000000000003553e-02 1.946772000000000109e-09
-3.900000000000003464e-02 2.193899000000000139e-09
-3.800000000000003375e-02 2.410601000000000246e-09
-3.700000000000003286e-02 2.596453000000000195e-09
-3.600000000000003197e-02 2.769702999999999777e-09
-3.500000000000003109e-02 2.956428999999999986e-09
-3.400000000000003020e-02 3.150082000000000166e-09
-3.300000000000002931e-02 3.318051000000000457e-09
-3.200000000000002842e-02 3.438600000000000513e-09
-3.100000000000002753e-02 3.525066999999999983e-09
-3.000000000000002665e-02 3.598765000000000445e-09
-2.900000000000002576e-02 3.668403000000000407e-09
-2.800000000000002487e-02 3.723475000000000524e-09
-2.700000000000002398e-02 3.734412000000000359e-09
-2.600000000000002309e-02 3.712948000000000277e-09
-2.500000000000002220e-02 3.726676000000000170e-09
-2.400000000000002132e-02 3.818883000000000077e-09
-2.300000000000002043e-02 3.960962000000000161e-09
-2.200000000000001954e-02 4.090293999999999979e-09
-2.100000000000001865e-02 4.167773999999999591e-09
-2.000000000000001776e-02 4.204471000000000380e-09
-1.900000000000001688e-02 4.239473000000000173e-09
-1.800000000000001599e-02 4.298949000000000433e-09
-1.700000000000001510e-02 4.375821000000000620e-09
-1.600000000000001421e-02 4.453973000000001035e-09
-1.500000000000001332e-02 4.518316000000000964e-09
-1.400000000000001243e-02 4.563601000000000566e-09
-1.300000000000001155e-02 4.612665000000000428e-09
-1.200000000000001066e-02 4.681649000000000777e-09
-1.100000000000000977e-02 4.775173000000000298e-09
-1.000000000000000888e-02 4.902318000000000276e-09
-9.000000000000007994e-03 5.069111000000000405e-09
-8.000000000000007105e-03 5.254525000000000526e-09
-7.000000000000006217e-03 5.442675999999999621e-09
-6.000000000000005329e-03 5.638788000000000319e-09
-5.000000000000004441e-03 5.853436999999999874e-09
-4.000000000000003553e-03 6.128620000000000287e-09
-3.000000000000002665e-03 6.479151000000000635e-09
-2.000000000000001776e-03 6.878355000000000284e-09
-1.000000000000000888e-03 7.308508000000000628e-09
0.000000000000000000e+00 7.754282000000000045e-09
1.000000000000000888e-03 8.189094000000001583e-09
2.000000000000001776e-03 8.576854000000001079e-09
3.000000000000002665e-03 8.910947999999999491e-09
4.000000000000003553e-03 9.233660000000000972e-09
5.000000000000004441e-03 9.596576000000001996e-09
6.000000000000005329e-03 1.001747400000000018e-08
7.000000000000006217e-03 1.049018099999999976e-08
8.000000000000007105e-03 1.098440100000000139e-08
9.000000000000007994e-03 1.144759699999999992e-08
1.000000000000000888e-02 1.186738800000000092e-08
1.100000000000000977e-02 1.228056499999999956e-08
1.200000000000001066e-02 1.270693799999999933e-08
1.300000000000001155e-02 1.313478600000000109e-08
1.400000000000001243e-02 1.357336699999999970e-08
1.500000000000001332e-02 1.402093600000000139e-08
1.600000000000001421e-02 1.445251400000000103e-08
1.699999999999995959e-02 1.487754300000000085e-08
1.799999999999996048e-02 1.531859900000000094e-08
1.899999999999996136e-02 1.578582100000000237e-08
1.999999999999996225e-02 1.627279500000000036e-08
2.099999999999996314e-02 1.674166999999999933e-08
2.199999999999996403e-02 1.717157800000000098e-08
2.299999999999996492e-02 1.757632400000000206e-08
2.399999999999996581e-02 1.796258999999999846e-08
2.499999999999996669e-02 1.833430500000000186e-08
2.599999999999996758e-02 1.868586100000000139e-08
2.699999999999996847e-02 1.900606399999999882e-08
2.799999999999996936e-02 1.930532500000000085e-08
2.899999999999997025e-02 1.960003000000000309e-08
2.999999999999997113e-02 1.989645200000000011e-08
3.099999999999997202e-02 2.022477200000000420e-08
3.199999999999997291e-02 2.061355200000000128e-08
3.299999999999997380e-02 2.103649900000000081e-08
3.399999999999997469e-02 2.145732599999999953e-08
3.499999999999997558e-02 2.186565600000000157e-08
3.599999999999997646e-02 2.226023300000000030e-08
3.699999999999997735e-02 2.264931600000000132e-08
3.799999999999997824e-02 2.305884000000000017e-08
3.899999999999997913e-02 2.348715199999999930e-08
3.999999999999998002e-02 2.389594900000000462e-08
4.099999999999998090e-02 2.424814700000000035e-08
4.199999999999998179e-02 2.452832500000000070e-08
4.299999999999998268e-02 2.476384500000000280e-08
4.399999999999998357e-02 2.498715400000000344e-08
4.499999999999998446e-02 2.518718600000000220e-08
4.599999999999998535e-02 2.536303100000000016e-08
4.699999999999998623e-02 2.554415300000000275e-08
4.799999999999998712e-02 2.573155699999999947e-08
4.899999999999998801e-02 2.592683700000000213e-08
4.999999999999998890e-02 2.616360200000000405e-08
5.099999999999998979e-02 2.645255500000000244e-08
5.199999999999999067e-02 2.679855100000000307e-08
5.299999999999999156e-02 2.722493700000000367e-08
5.399999999999999245e-02 2.770884100000000242e-08
5.499999999999999334e-02 2.820250600000000249e-08
5.599999999999999423e-02 2.869413300000000142e-08
5.699999999999999512e-02 2.919967000000000407e-08
5.799999999999999600e-02 2.973114600000000022e-08
5.899999999999999689e-02 3.027947400000000156e-08
5.999999999999999778e-02 3.082922000000000162e-08
6.099999999999999867e-02 3.137724699999999965e-08
6.199999999999999956e-02 3.192949000000000489e-08
6.300000000000000044e-02 3.251046300000000327e-08
6.400000000000000133e-02 3.313256800000000420e-08
6.500000000000000222e-02 3.376668300000000206e-08
6.600000000000000311e-02 3.438482000000000204e-08
6.700000000000000400e-02 3.498204100000000497e-08
6.800000000000000488e-02 3.555044000000000530e-08
6.900000000000000577e-02 3.608306900000000503e-08
7.000000000000000666e-02 3.661578699999999674e-08
7.100000000000000755e-02 3.716965700000000115e-08
7.200000000000000844e-02 3.770635699999999828e-08
7.300000000000000933e-02 3.820264600000000101e-08
7.400000000000001021e-02 3.870004400000000322e-08
7.500000000000001110e-02 3.927651399999999885e-08
7.600000000000001199e-02 3.997836199999999864e-08
7.700000000000001288e-02 4.077938100000000307e-08
7.800000000000001377e-02 4.161858500000000699e-08
7.900000000000001465e-02 4.245829599999999716e-08
7.999999999999996003e-02 4.329397000000000740e-08
8.099999999999996092e-02 4.413407400000000043e-08
8.199999999999996181e-02 4.499244900000000430e-08
8.299999999999996270e-02 4.589186699999999889e-08
8.399999999999996358e-02 4.684649000000000539e-08
8.499999999999996447e-02 4.781291000000000379e-08
8.599999999999996536e-02 4.872658100000000557e-08
8.699999999999996625e-02 4.956503500000000202e-08
8.799999999999996714e-02 5.032608400000000374e-08
8.899999999999996803e-02 5.098993200000000676e-08
8.999999999999996891e-02 5.154450099999999908e-08
9.099999999999996980e-02 5.205164200000000681e-08
9.199999999999997069e-02 5.256419000000000768e-08
9.299999999999997158e-02 5.306323300000000157e-08
9.399999999999997247e-02 5.355258200000000225e-08
9.499999999999997335e-02 5.406099100000000390e-08
9.599999999999997424e-02 5.458048900000000338e-08
9.699999999999997513e-02 5.508788300000000243e-08
9.799999999999997602e-02 5.559685000000000990e-08
9.899999999999997691e-02 5.614612100000000743e-08
9.999999999999997780e-02 5.673683300000000344e-08
1.009999999999999787e-01 5.734981899999999924e-08
1.019999999999999796e-01 5.798472999999999938e-08
1.029999999999999805e-01 5.864006800000000281e-08
1.039999999999999813e-01 5.931812800000000326e-08
1.049999999999999822e-01 6.002297100000000816e-08
1.059999999999999831e-01 6.072611400000000055e-08
1.069999999999999840e-01 6.139876099999999934e-08
1.079999999999999849e-01 6.203586099999999913e-08
1.089999999999999858e-01 6.264549000000000677e-08
1.099999999999999867e-01 6.325865900000000465e-08
1.109999999999999876e-01 6.392676199999999754e-08
1.119999999999999885e-01 6.467174799999999744e-08
1.129999999999999893e-01 6.548861599999999503e-08
1.139999999999999902e-01 6.636516399999999836e-08
1.149999999999999911e-01 6.724973600000000518e-08
1.159999999999999920e-01 6.811361700000001059e-08
1.169999999999999929e-01 6.896196899999999910e-08
1.179999999999999938e-01 6.978097400000000624e-08
1.189999999999999947e-01 7.055393700000000739e-08
1.199999999999999956e-01 7.127814900000000919e-08
1.209999999999999964e-01 7.198060800000000853e-08
1.219999999999999973e-01 7.269004200000000453e-08
1.229999999999999982e-01 7.341303400000000124e-08
1.239999999999999991e-01 7.413294400000000150e-08
1.250000000000000000e-01 7.480802500000000193e-08
1.260000000000000009e-01 7.541848800000000411e-08
1.270000000000000018e-01 7.599300200000000488e-08
1.280000000000000027e-01 7.657109000000000012e-08
1.290000000000000036e-01 7.714700799999999846e-08
1.300000000000000044e-01 7.770088800000000607e-08
1.310000000000000053e-01 7.825531600000000307e-08
1.320000000000000062e-01 7.883790100000000577e-08
1.330000000000000071e-01 7.944451499999999529e-08
1.340000000000000080e-01 8.008075400000000849e-08
1.350000000000000089e-01 8.074837300000000591e-08
1.360000000000000098e-01 8.141617100000000414e-08
1.370000000000000107e-01 8.205794400000001456e-08
1.380000000000000115e-01 8.266483900000000432e-08
1.390000000000000124e-01 8.324939400000000635e-08
1.400000000000000133e-01 8.384001100000001508e-08
1.410000000000000142e-01 8.447006600000000252e-08
1.420000000000000151e-01 8.515001599999999664e-08
1.430000000000000160e-01 8.585222200000000467e-08
1.440000000000000169e-01 8.654507100000000450e-08
1.450000000000000178e-01 8.720538600000001619e-08
1.460000000000000187e-01 8.783013200000001527e-08
1.470000000000000195e-01 8.843936300000000853e-08
1.480000000000000204e-01 8.903682100000000429e-08
1.490000000000000213e-01 8.962896999999999846e-08
1.500000000000000222e-01 9.025604400000001172e-08
1.510000000000000231e-01 9.094057900000000164e-08
1.520000000000000240e-01 9.167576099999999973e-08
1.530000000000000249e-01 9.244439400000000365e-08
1.540000000000000258e-01 9.320106900000001396e-08
1.550000000000000266e-01 9.392597500000000538e-08
1.560000000000000275e-01 9.465858100000000288e-08
1.570000000000000284e-01 9.541808600000000873e-08
1.580000000000000293e-01 9.619841200000001110e-08
1.590000000000000302e-01 9.700091200000000787e-08
1.600000000000000311e-01 9.781278600000000833e-08
1.610000000000000320e-01 9.864144299999999528e-08
1.620000000000000329e-01 9.950287100000000953e-08
1.630000000000000338e-01 1.003480160000000114e-07
1.640000000000000346e-01 1.011258789999999995e-07
1.650000000000000355e-01 1.018165020000000111e-07
1.660000000000000364e-01 1.024271920000000161e-07
1.670000000000000373e-01 1.030226200000000067e-07
1.680000000000000382e-01 1.036713510000000050e-07
1.690000000000000391e-01 1.043735430000000020e-07
1.700000000000000400e-01 1.050750300000000091e-07
1.710000000000000409e-01 1.057412750000000119e-07
1.720000000000000417e-01 1.063499900000000128e-07
1.730000000000000426e-01 1.068729880000000162e-07
1.740000000000000435e-01 1.073018070000000049e-07
1.750000000000000444e-01 1.076602580000000087e-07
1.760000000000000453e-01 1.080107110000000106e-07
1.769999999999999352e-01 1.084219380000000031e-07
1.779999999999999361e-01 1.089091700000000072e-07
1.789999999999999369e-01 1.094392600000000082e-07
1.799999999999999378e-01 1.099877260000000039e-07
1.809999999999999387e-01 1.105245470000000032e-07
1.819999999999999396e-01 1.110232050000000167e-07
1.829999999999999405e-01 1.114892230000000016e-07
1.839999999999999414e-01 1.119232860000000075e-07
1.849999999999999423e-01 1.123577410000000061e-07
1.859999999999999432e-01 1.128489070000000004e-07
1.869999999999999440e-01 1.134017439999999964e-07
1.879999999999999449e-01 1.139869110000000082e-07
1.889999999999999458e-01 1.145695900000000078e-07
1.899999999999999467e-01 1.151318639999999979e-07
1.909999999999999476e-01 1.156823850000000101e-07
1.919999999999999485e-01 1.162375360000000092e-07
1.929999999999999494e-01 1.168076140000000121e-07
1.939999999999999503e-01 1.173787449999999966e-07
1.949999999999999512e-01 1.179398329999999990e-07
1.959999999999999520e-01 1.184908070000000133e-07
1.969999999999999529e-01 1.190371690000000133e-07
1.979999999999999538e-01 1.196249750000000028e-07
1.989999999999999547e-01 1.202937210000000253e-07
1.999999999999999556e-01 1.209981930000000211e-07
2.009999999999999565e-01 1.216715430000000157e-07
2.019999999999999574e-01 1.222947000000000211e-07
2.029999999999999583e-01 1.228539849999999947e-07
2.039999999999999591e-01 1.233373340000000084e-07
2.049999999999999600e-01 1.237724350000000210e-07
2.059999999999999609e-01 1.242200050000000015e-07
2.069999999999999618e-01 1.247265880000000167e-07
2.079999999999999627e-01 1.252975450000000052e-07
2.089999999999999636e-01 1.259045270000000194e-07
2.099999999999999645e-01 1.264936600000000051e-07
2.109999999999999654e-01 1.270346999999999960e-07
2.119999999999999662e-01 1.275606850000000086e-07
2.129999999999999671e-01 1.281401010000000037e-07
2.139999999999999680e-01 1.287779250000000093e-07
2.149999999999999689e-01 1.293948739999999945e-07
2.159999999999999698e-01 1.299499370000000054e-07
2.169999999999999707e-01 1.304568260000000188e-07
2.179999999999999716e-01 1.309452790000000184e-07
2.189999999999999725e-01 1.314447790000000157e-07
2.199999999999999734e-01 1.319540910000000041e-07
2.209999999999999742e-01 1.324446980000000087e-07
2.219999999999999751e-01 1.328922880000000089e-07
2.229999999999999760e-01 1.332955870000000152e-07
2.239999999999999769e-01 1.336599230000000057e-07
2.249999999999999778e-01 1.339941040000000086e-07
2.259999999999999787e-01 1.343166270000000210e-07
2.269999999999999796e-01 1.346569519999999973e-07
2.279999999999999805e-01 1.350324180000000218e-07
2.289999999999999813e-01 1.354524150000000107e-07
2.299999999999999822e-01 1.359403240000000222e-07
2.309999999999999831e-01 1.364928620000000057e-07
2.319999999999999840e-01 1.370719430000000031e-07
2.329999999999999849e-01 1.376412870000000168e-07
2.339999999999999858e-01 1.381860639999999847e-07
2.349999999999999867e-01 1.387406630000000329e-07
2.359999999999999876e-01 1.393526510000000216e-07
2.369999999999999885e-01 1.399990479999999972e-07
2.379999999999999893e-01 1.406149200000000197e-07
2.389999999999999902e-01 1.411614509999999974e-07
2.399999999999999911e-01 1.416245790000000074e-07
2.409999999999999920e-01 1.420283580000000079e-07
2.419999999999999929e-01 1.423983049999999970e-07
2.429999999999999938e-01 1.427144950000000122e-07
2.439999999999999947e-01 1.429611520000000009e-07
2.449999999999999956e-01 1.431711190000000135e-07
2.459999999999999964e-01 1.434105900000000343e-07
2.469999999999999973e-01 1.437232119999999974e-07
2.479999999999999982e-01 1.441293839999999964e-07
2.489999999999999991e-01 1.446459680000000265e-07
2.500000000000000000e-01 1.452343110000000052e-07
2.510000000000000009e-01 1.458122700000000090e-07
2.520000000000000018e-01 1.463244020000000096e-07
2.530000000000000027e-01 1.467570409999999851e-07
2.540000000000000036e-01 1.471314200000000105e-07
2.550000000000000044e-01 1.474852820000000172e-07
2.560000000000000053e-01 1.478317580000000187e-07
2.570000000000000062e-01 1.481512590000000273e-07
2.580000000000000071e-01 1.484461470000000084e-07
2.590000000000000080e-01 1.487402030000000155e-07
2.600000000000000089e-01 1.490409820000000316e-07
2.610000000000000098e-01 1.493246619999999870e-07
2.620000000000000107e-01 1.495503319999999991e-07
2.630000000000000115e-01 1.497136879999999930e-07
2.640000000000000124e-01 1.498317930000000047e-07
2.650000000000000133e-01 1.499077509999999915e-07
2.660000000000000142e-01 1.499625810000000195e-07
2.670000000000000151e-01 1.500261200000000080e-07
2.680000000000000160e-01 1.501042380000000216e-07
2.690000000000000169e-01 1.502100750000000005e-07
2.700000000000000178e-01 1.503570750000000083e-07
2.710000000000000187e-01 1.505150250000000061e-07
2.720000000000000195e-01 1.506634530000000060e-07
2.730000000000000204e-01 1.508283950000000091e-07
2.740000000000000213e-01 1.510130330000000175e-07
2.750000000000000222e-01 1.511928530000000186e-07
2.760000000000000231e-01 1.513659319999999985e-07
2.770000000000000240e-01 1.515355920000000167e-07
2.780000000000000249e-01 1.517011909999999944e-07
2.790000000000000258e-01 1.518560490000000256e-07
2.800000000000000266e-01 1.519859610000000126e-07
2.810000000000000275e-01 1.520931040000000174e-07
2.820000000000000284e-01 1.521732849999999970e-07
2.830000000000000293e-01 1.522368080000000069e-07
2.840000000000000302e-01 1.523301690000000190e-07
2.850000000000000311e-01 1.524873280000000062e-07
2.860000000000000320e-01 1.526964999999999936e-07
2.870000000000000329e-01 1.528982090000000141e-07
2.880000000000000338e-01 1.530468280000000185e-07
2.890000000000000346e-01 1.531509069999999995e-07
2.900000000000000355e-01 1.532393360000000144e-07
2.910000000000000364e-01 1.533146989999999868e-07
2.920000000000000373e-01 1.533513890000000160e-07
2.930000000000000382e-01 1.533203110000000155e-07
2.940000000000000391e-01 1.532276559999999969e-07
2.950000000000000400e-01 1.531086559999999943e-07
2.960000000000000409e-01 1.529810160000000169e-07
2.970000000000000417e-01 1.528279180000000173e-07
2.980000000000000426e-01 1.526003440000000070e-07
2.990000000000000435e-01 1.522730890000000083e-07
3.000000000000000444e-01 1.518640760000000267e-07
3.010000000000000453e-01 1.514415850000000170e-07
3.020000000000000462e-01 1.510846190000000003e-07
3.030000000000000471e-01 1.508045460000000003e-07
3.039999999999999369e-01 1.505561140000000049e-07
3.049999999999999378e-01 1.502887250000000116e-07
3.059999999999999387e-01 1.499927010000000124e-07
3.069999999999999396e-01 1.496860090000000139e-07
3.079999999999999405e-01 1.493725940000000065e-07
3.089999999999999414e-01 1.490349070000000175e-07
3.099999999999999423e-01 1.486782379999999928e-07
3.109999999999999432e-01 1.483217190000000093e-07
3.119999999999999440e-01 1.479534010000000267e-07
3.129999999999999449e-01 1.475865970000000303e-07
3.139999999999999458e-01 1.472703710000000169e-07
3.149999999999999467e-01 1.470146380000000069e-07
3.159999999999999476e-01 1.467657830000000123e-07
3.169999999999999485e-01 1.464775310000000157e-07
3.179999999999999494e-01 1.461734760000000009e-07
3.189999999999999503e-01 1.459031010000000020e-07
3.199999999999999512e-01 1.456587429999999884e-07
3.209999999999999520e-01 1.453861640000000149e-07
3.219999999999999529e-01 1.450603350000000273e-07
3.229999999999999538e-01 1.446900400000000200e-07
3.239999999999999547e-01 1.443067289999999928e-07
3.249999999999999556e-01 1.439495929999999946e-07
3.259999999999999565e-01 1.436157820000000103e-07
3.269999999999999574e-01 1.432847150000000272e-07
3.279999999999999583e-01 1.429558879999999905e-07
3.289999999999999591e-01 1.426321850000000123e-07
3.299999999999999600e-01 1.423121940000000262e-07
3.309999999999999609e-01 1.420093229999999917e-07
3.319999999999999618e-01 1.417346550000000107e-07
3.329999999999999627e-01 1.414621480000000337e-07
3.339999999999999636e-01 1.411490080000000180e-07
3.349999999999999645e-01 1.407635080000000176e-07
3.359999999999999654e-01 1.403024530000000100e-07
3.369999999999999662e-01 1.397542150000000076e-07
3.379999999999999671e-01 1.391029690000000182e-07
3.389999999999999680e-01 1.383664680000000132e-07
3.399999999999999689e-01 1.375399610000000168e-07
3.409999999999999698e-01 1.366242800000000029e-07
3.419999999999999707e-01 1.356764470000000102e-07
3.429999999999999716e-01 1.347320650000000158e-07
3.439999999999999725e-01 1.337775370000000098e-07
3.449999999999999734e-01 1.328017769999999854e-07
3.459999999999999742e-01 1.317714490000000100e-07
3.469999999999999751e-01 1.306433940000000137e-07
3.479999999999999760e-01 1.294345450000000111e-07
3.489999999999999769e-01 1.282359830000000022e-07
3.499999999999999778e-01 1.271359630000000058e-07
3.509999999999999787e-01 1.261447170000000014e-07
3.519999999999999796e-01 1.252648460000000009e-07
3.529999999999999805e-01 1.244899329999999936e-07
3.539999999999999813e-01 1.237360969999999982e-07
3.549999999999999822e-01 1.228726779999999879e-07
3.559999999999999831e-01 1.218165869999999956e-07
3.569999999999999840e-01 1.205980689999999912e-07
3.579999999999999849e-01 1.193444250000000195e-07
3.589999999999999858e-01 1.181990920000000014e-07
3.599999999999999867e-01 1.172375710000000128e-07
3.609999999999999876e-01 1.164516760000000186e-07
3.619999999999999885e-01 1.157444990000000175e-07
3.629999999999999893e-01 1.149784640000000145e-07
3.639999999999999902e-01 1.141089910000000133e-07
3.649999999999999911e-01 1.132080930000000101e-07
3.659999999999999920e-01 1.123716340000000044e-07
3.669999999999999929e-01 1.116600170000000041e-07
3.679999999999999938e-01 1.110713540000000028e-07
3.689999999999999947e-01 1.104948330000000008e-07
3.699999999999999956e-01 1.098150760000000054e-07
3.709999999999999964e-01 1.089993960000000159e-07
3.719999999999999973e-01 1.080562200000000022e-07
3.729999999999999982e-01 1.070469880000000017e-07
3.739999999999999991e-01 1.060551640000000050e-07
3.750000000000000000e-01 1.051157299999999997e-07
3.760000000000000009e-01 1.042099790000000080e-07
3.770000000000000018e-01 1.032918860000000061e-07
3.780000000000000027e-01 1.023005740000000005e-07
3.790000000000000036e-01 1.012251890000000055e-07
3.800000000000000044e-01 1.000976580000000042e-07
3.810000000000000053e-01 9.892749700000001254e-08
3.820000000000000062e-01 9.771684100000000634e-08
3.830000000000000071e-01 9.644463900000000176e-08
3.840000000000000080e-01 9.506985600000001064e-08
3.850000000000000089e-01 9.358163300000000260e-08
3.860000000000000098e-01 9.198359700000000553e-08
3.870000000000000107e-01 9.031045600000000576e-08
3.880000000000000115e-01 8.864224199999999831e-08
3.890000000000000124e-01 8.706244300000000787e-08
3.900000000000000133e-01 8.563432000000000709e-08
3.910000000000000142e-01 8.436397200000000456e-08
3.920000000000000151e-01 8.319031400000000659e-08
3.930000000000000160e-01 8.206824200000000840e-08
3.940000000000000169e-01 8.098977200000000602e-08
3.950000000000000178e-01 7.991423299999999497e-08
3.960000000000000187e-01 7.880522299999999820e-08
3.970000000000000195e-01 7.766425300000000436e-08
3.980000000000000204e-01 7.650183400000001233e-08
3.990000000000000213e-01 7.532508900000001300e-08
