-2.550000000000000044e-01 9.440400000000001335e-11
-2.500000000000000000e-01 9.143883200000001501e-08
-2.494999999999999996e-01 9.069360000000000950e-08
-2.489999999999999991e-01 8.996865200000001131e-08
-2.484999999999999987e-01 8.925802500000001552e-08
-2.479999999999999982e-01 8.855978500000000780e-08
-2.474999999999999978e-01 8.786412500000000196e-08
-2.469999999999999973e-01 8.716201400000000767e-08
-2.464999999999999969e-01 8.646284400000001452e-08
-2.459999999999999964e-01 8.578028200000000833e-08
-2.454999999999999960e-01 8.511866399999999487e-08
-2.449999999999999956e-01 8.447456600000000762e-08
-2.444999999999999951e-01 8.383600000000001035e-08
-2.439999999999999947e-01 8.319825700000000741e-08
-2.434999999999999942e-01 8.256635500000000361e-08
-2.429999999999999938e-01 8.194013100000000323e-08
-2.424999999999999933e-01 8.131086500000000591e-08
-2.419999999999999929e-01 8.068525800000000700e-08
-2.414999999999999925e-01 8.006902499999999855e-08
-2.409999999999999920e-01 7.945524600000001135e-08
-2.404999999999999916e-01 7.884665499999999711e-08
-2.399999999999999911e-01 7.822267300000000335e-08
-2.394999999999999907e-01 7.756887899999999580e-08
-2.389999999999999902e-01 7.687797600000001411e-08
-2.384999999999999898e-01 7.616195300000000553e-08
-2.379999999999999893e-01 7.543306800000000634e-08
-2.374999999999999889e-01 7.469652000000001618e-08
-2.369999999999999885e-01 7.396174399999999531e-08
-2.365000000000000158e-01 7.322620300000000520e-08
-2.360000000000000153e-01 7.249011600000000648e-08
-2.355000000000000149e-01 7.174721700000000681e-08
-2.350000000000000144e-01 7.099667499999999606e-08
-2.345000000000000140e-01 7.023582300000000089e-08
-2.340000000000000135e-01 6.946124500000000439e-08
-2.335000000000000131e-01 6.868067000000001198e-08
-2.330000000000000127e-01 6.790276600000000742e-08
-2.325000000000000122e-01 6.713738100000000655e-08
-2.320000000000000118e-01 6.638625199999999729e-08
-2.315000000000000113e-01 6.562951800000001118e-08
-2.310000000000000109e-01 6.484921400000000920e-08
-2.305000000000000104e-01 6.407662000000000987e-08
-2.300000000000000100e-01 6.332639000000000594e-08
-2.295000000000000095e-01 6.259822499999999804e-08
-2.290000000000000091e-01 6.190154799999999557e-08
-2.285000000000000087e-01 6.124803799999999913e-08
-2.280000000000000082e-01 6.064274000000000559e-08
-2.275000000000000078e-01 6.006294200000000126e-08
-2.270000000000000073e-01 5.949531600000000581e-08
-2.265000000000000069e-01 5.894754100000000209e-08
-2.260000000000000064e-01 5.841741100000000818e-08
-2.255000000000000060e-01 5.789197900000000308e-08
-2.250000000000000056e-01 5.736726800000000613e-08
-2.245000000000000051e-01 5.685387699999999793e-08
-2.240000000000000047e-01 5.636362900000000515e-08
-2.235000000000000042e-01 5.588180100000000312e-08
-2.230000000000000038e-01 5.539049899999999860e-08
-2.225000000000000033e-01 5.490337700000000307e-08
-2.220000000000000029e-01 5.444005400000000706e-08
-2.215000000000000024e-01 5.400283700000000154e-08
-2.210000000000000020e-01 5.358994600000000142e-08
-2.205000000000000016e-01 5.321603400000000243e-08
-2.200000000000000011e-01 5.288275700000000307e-08
-2.195000000000000007e-01 5.258099200000000354e-08
-2.190000000000000002e-01 5.229653600000000599e-08
-2.184999999999999998e-01 5.201332000000000666e-08
-2.179999999999999993e-01 5.172550500000000046e-08
-2.174999999999999989e-01 5.144399100000000105e-08
-2.169999999999999984e-01 5.116707300000000426e-08
-2.164999999999999980e-01 5.089433600000000684e-08
-2.159999999999999976e-01 5.062918299999999838e-08
-2.154999999999999971e-01 5.036860399999999875e-08
-2.149999999999999967e-01 5.011612900000000165e-08
-2.144999999999999962e-01 4.986488400000000620e-08
-2.139999999999999958e-01 4.959911200000000225e-08
-2.134999999999999953e-01 4.930328600000000001e-08
-2.129999999999999949e-01 4.897641699999999854e-08
-2.124999999999999944e-01 4.864240200000000215e-08
-2.119999999999999940e-01 4.831195499999999832e-08
-2.114999999999999936e-01 4.798153900000000106e-08
-2.110000000000000209e-01 4.763473000000000266e-08
-2.105000000000000204e-01 4.727412700000000111e-08
-2.100000000000000200e-01 4.691274800000000365e-08
-2.095000000000000195e-01 4.653897800000000361e-08
-2.090000000000000191e-01 4.614654200000000246e-08
-2.085000000000000187e-01 4.573849100000000333e-08
-2.080000000000000182e-01 4.532978100000000258e-08
-2.075000000000000178e-01 4.493057999999999892e-08
-2.070000000000000173e-01 4.454218600000000246e-08
-2.065000000000000169e-01 4.417509700000000462e-08
-2.060000000000000164e-01 4.382563900000000552e-08
-2.055000000000000160e-01 4.348888300000000557e-08
-2.050000000000000155e-01 4.316870000000000459e-08
-2.045000000000000151e-01 4.286323600000000052e-08
-2.040000000000000147e-01 4.256967500000000231e-08
-2.035000000000000142e-01 4.228872600000000103e-08
-2.030000000000000138e-01 4.202363200000000144e-08
-2.025000000000000133e-01 4.177387900000000515e-08
-2.020000000000000129e-01 4.152494300000000129e-08
-2.015000000000000124e-01 4.126327500000000194e-08
-2.010000000000000120e-01 4.098487200000000492e-08
-2.005000000000000115e-01 4.068655400000000239e-08
-2.000000000000000111e-01 4.038560200000000064e-08
-1.995000000000000107e-01 4.009330599999999869e-08
-1.990000000000000102e-01 3.978570800000000259e-08
-1.985000000000000098e-01 3.944590099999999952e-08
-1.980000000000000093e-01 3.907539900000000228e-08
-1.975000000000000089e-01 3.868780300000000213e-08
-1.970000000000000084e-01 3.828746600000000692e-08
-1.965000000000000080e-01 3.787754300000000662e-08
-1.960000000000000075e-01 3.747114000000000343e-08
-1.955000000000000071e-01 3.707749400000000700e-08
-1.950000000000000067e-01 3.669216500000000489e-08
-1.945000000000000062e-01 3.630741800000000301e-08
-1.940000000000000058e-01 3.591070000000000008e-08
-1.935000000000000053e-01 3.550556499999999742e-08
-1.930000000000000049e-01 3.510920300000000210e-08
-1.925000000000000044e-01 3.472452499999999905e-08
-1.920000000000000040e-01 3.433669299999999646e-08
-1.915000000000000036e-01 3.393690500000000752e-08
-1.910000000000000031e-01 3.351579600000000163e-08
-1.905000000000000027e-01 3.308759200000000053e-08
-1.900000000000000022e-01 3.266508200000000133e-08
-1.895000000000000018e-01 3.223603399999999589e-08
-1.890000000000000013e-01 3.181314600000000193e-08
-1.885000000000000009e-01 3.142468500000000066e-08
-1.880000000000000004e-01 3.105777199999999936e-08
-1.875000000000000000e-01 3.069234700000000256e-08
-1.869999999999999996e-01 3.032301500000000109e-08
-1.864999999999999991e-01 2.994646100000000032e-08
-1.859999999999999987e-01 2.957930200000000002e-08
-1.854999999999999982e-01 2.923456700000000100e-08
-1.849999999999999978e-01 2.891259200000000119e-08
-1.844999999999999973e-01 2.860844600000000368e-08
-1.839999999999999969e-01 2.832357700000000351e-08
-1.834999999999999964e-01 2.806478600000000475e-08
-1.829999999999999960e-01 2.782191500000000194e-08
-1.824999999999999956e-01 2.759193100000000101e-08
-1.819999999999999951e-01 2.738140200000000454e-08
-1.814999999999999947e-01 2.719056799999999969e-08
-1.809999999999999942e-01 2.701412900000000098e-08
-1.804999999999999938e-01 2.682464800000000061e-08
-1.799999999999999933e-01 2.660327800000000265e-08
-1.794999999999999929e-01 2.636422000000000101e-08
-1.789999999999999925e-01 2.612131700000000123e-08
-1.784999999999999920e-01 2.587635200000000259e-08
-1.779999999999999916e-01 2.562596299999999877e-08
-1.774999999999999911e-01 2.536645600000000007e-08
-1.769999999999999907e-01 2.509488000000000216e-08
-1.764999999999999902e-01 2.480778000000000219e-08
-1.759999999999999898e-01 2.451570099999999994e-08
-1.754999999999999893e-01 2.422021300000000287e-08
-1.749999999999999889e-01 2.391396500000000366e-08
-1.744999999999999885e-01 2.361184900000000144e-08
-1.739999999999999880e-01 2.332800299999999981e-08
-1.734999999999999876e-01 2.306294000000000349e-08
-1.729999999999999871e-01 2.282427100000000013e-08
-1.724999999999999867e-01 2.261874100000000239e-08
-1.719999999999999862e-01 2.244910000000000347e-08
-1.714999999999999858e-01 2.230960500000000239e-08
-1.709999999999999853e-01 2.217681999999999953e-08
-1.704999999999999849e-01 2.203508900000000036e-08
-1.699999999999999845e-01 2.188872900000000129e-08
-1.694999999999999840e-01 2.173495500000000128e-08
-1.689999999999999836e-01 2.157415700000000222e-08
-1.684999999999999831e-01 2.140843000000000028e-08
-1.679999999999999827e-01 2.123337599999999970e-08
-1.674999999999999822e-01 2.105164800000000245e-08
-1.670000000000000095e-01 2.087199300000000097e-08
-1.665000000000000091e-01 2.069662400000000254e-08
-1.660000000000000087e-01 2.051963100000000259e-08
-1.655000000000000082e-01 2.034328899999999840e-08
-1.650000000000000078e-01 2.017309100000000060e-08
-1.645000000000000073e-01 2.000544400000000204e-08
-1.640000000000000069e-01 1.982783999999999923e-08
-1.635000000000000064e-01 1.963299100000000161e-08
-1.630000000000000060e-01 1.942352400000000287e-08
-1.625000000000000056e-01 1.920364700000000107e-08
-1.620000000000000051e-01 1.898046000000000292e-08
-1.615000000000000047e-01 1.875419200000000203e-08
-1.610000000000000042e-01 1.852366000000000177e-08
-1.605000000000000038e-01 1.829046800000000062e-08
-1.600000000000000033e-01 1.806044800000000145e-08
-1.595000000000000029e-01 1.783048199999999964e-08
-1.590000000000000024e-01 1.758076700000000222e-08
-1.585000000000000020e-01 1.731308100000000026e-08
-1.580000000000000016e-01 1.705984300000000147e-08
-1.575000000000000011e-01 1.683868100000000363e-08
-1.570000000000000007e-01 1.663169200000000072e-08
-1.565000000000000002e-01 1.641691600000000039e-08
-1.559999999999999998e-01 1.618911900000000178e-08
-1.554999999999999993e-01 1.594397300000000168e-08
-1.549999999999999989e-01 1.569112999999999977e-08
-1.544999999999999984e-01 1.543922599999999939e-08
-1.539999999999999980e-01 1.518846200000000177e-08
-1.534999999999999976e-01 1.493429899999999928e-08
-1.529999999999999971e-01 1.466716600000000154e-08
-1.524999999999999967e-01 1.438790200000000138e-08
-1.519999999999999962e-01 1.408846499999999949e-08
-1.514999999999999958e-01 1.376697000000000214e-08
-1.509999999999999953e-01 1.344254500000000220e-08
-1.505000000000000226e-01 1.313208400000000169e-08
-1.500000000000000222e-01 1.282585399999999995e-08
-1.495000000000000218e-01 1.251224600000000047e-08
-1.490000000000000213e-01 1.219934200000000041e-08
-1.485000000000000209e-01 1.190340999999999912e-08
-1.480000000000000204e-01 1.163130900000000095e-08
-1.475000000000000200e-01 1.137369500000000019e-08
-1.470000000000000195e-01 1.112159600000000052e-08
-1.465000000000000191e-01 1.088003400000000139e-08
-1.460000000000000187e-01 1.065832700000000023e-08
-1.455000000000000182e-01 1.045412000000000070e-08
-1.450000000000000178e-01 1.026463099999999944e-08
-1.445000000000000173e-01 1.008252300000000017e-08
-1.440000000000000169e-01 9.909793000000000916e-09
-1.435000000000000164e-01 9.739490999999999739e-09
-1.430000000000000160e-01 9.568059999999999321e-09
-1.425000000000000155e-01 9.398509000000000968e-09
-1.420000000000000151e-01 9.221628000000001979e-09
-1.415000000000000147e-01 9.017345000000001393e-09
-1.410000000000000142e-01 8.795795999999999308e-09
-1.405000000000000138e-01 8.568180999999999159e-09
-1.400000000000000133e-01 8.324264000000000403e-09
-1.395000000000000129e-01 8.072283000000000299e-09
-1.390000000000000124e-01 7.824438000000000107e-09
-1.385000000000000120e-01 7.573950000000001127e-09
-1.380000000000000115e-01 7.325064000000000793e-09
-1.375000000000000111e-01 7.079124000000000710e-09
-1.370000000000000107e-01 6.819001000000000863e-09
-1.365000000000000102e-01 6.543304000000000383e-09
-1.360000000000000098e-01 6.268555000000000177e-09
-1.355000000000000093e-01 5.993875000000000459e-09
-1.350000000000000089e-01 5.709584000000000908e-09
-1.345000000000000084e-01 5.424937000000000371e-09
-1.340000000000000080e-01 5.155598999999999538e-09
-1.335000000000000075e-01 4.905062000000000654e-09
-1.330000000000000071e-01 4.682504999999999848e-09
-1.325000000000000067e-01 4.483126000000000799e-09
-1.320000000000000062e-01 4.286082000000000792e-09
-1.315000000000000058e-01 4.093560000000000493e-09
-1.310000000000000053e-01 3.915013000000000654e-09
-1.305000000000000049e-01 3.751938000000000367e-09
-1.300000000000000044e-01 3.595127999999999954e-09
-1.295000000000000040e-01 3.424956000000000100e-09
-1.290000000000000036e-01 3.243834000000000402e-09
-1.285000000000000031e-01 3.071562999999999808e-09
-1.280000000000000027e-01 2.902387000000000226e-09
-1.275000000000000022e-01 2.728363000000000001e-09
-1.270000000000000018e-01 2.555440000000000018e-09
-1.265000000000000013e-01 2.398630999999999924e-09
-1.260000000000000009e-01 2.259022000000000143e-09
-1.255000000000000004e-01 2.126596999999999951e-09
-1.250000000000000000e-01 2.010228000000000185e-09
-1.244999999999999996e-01 1.917070000000000288e-09
-1.239999999999999991e-01 1.840770999999999950e-09
-1.234999999999999987e-01 1.780305000000000089e-09
-1.229999999999999982e-01 1.731530000000000120e-09
-1.224999999999999978e-01 1.680569000000000010e-09
-1.219999999999999973e-01 1.616955000000000027e-09
-1.214999999999999969e-01 1.539235000000000010e-09
-1.209999999999999964e-01 1.446525000000000234e-09
-1.204999999999999960e-01 1.347073000000000111e-09
-1.199999999999999956e-01 1.253258000000000058e-09
-1.194999999999999951e-01 1.170684000000000173e-09
-1.189999999999999947e-01 1.101024000000000023e-09
-1.184999999999999942e-01 1.050154000000000177e-09
-1.179999999999999938e-01 1.009902000000000221e-09
-1.174999999999999933e-01 9.706690000000000113e-10
-1.169999999999999929e-01 9.243740000000001210e-10
-1.164999999999999925e-01 8.620910000000000787e-10
-1.159999999999999920e-01 8.035360000000000674e-10
-1.154999999999999916e-01 7.560390000000001021e-10
-1.149999999999999911e-01 7.128010000000000700e-10
-1.144999999999999907e-01 6.682200000000000975e-10
-1.139999999999999902e-01 6.291670000000000877e-10
-1.134999999999999898e-01 5.986770000000000203e-10
-1.129999999999999893e-01 5.683310000000000509e-10
-1.124999999999999889e-01 5.253400000000000698e-10
-1.119999999999999885e-01 4.662360000000000017e-10
-1.114999999999999880e-01 4.023649999999999852e-10
-1.109999999999999876e-01 3.447480000000000073e-10
-1.105000000000000149e-01 2.975229999999999971e-10
-1.100000000000000144e-01 2.550470000000000396e-10
-1.095000000000000140e-01 2.132800000000000121e-10
-1.090000000000000135e-01 1.737320000000000211e-10
-1.085000000000000131e-01 1.349329999999999930e-10
-1.080000000000000127e-01 9.702300000000000451e-11
-1.075000000000000122e-01 6.365500000000001179e-11
-1.070000000000000118e-01 2.808300000000000141e-11
-1.065000000000000113e-01 3.965999999999999862e-12
-1.060000000000000109e-01 0.000000000000000000e+00
-1.055000000000000104e-01 2.816000000000000118e-12
-1.050000000000000100e-01 1.594800000000000273e-11
-1.045000000000000095e-01 6.424199999999999384e-11
-1.040000000000000091e-01 1.502020000000000000e-10
-1.035000000000000087e-01 2.659980000000000466e-10
-1.030000000000000082e-01 4.124810000000000152e-10
-1.025000000000000078e-01 5.824989999999999962e-10
-1.020000000000000073e-01 7.709300000000000458e-10
-1.015000000000000069e-01 9.731530000000000205e-10
-1.010000000000000064e-01 1.185924000000000009e-09
-1.005000000000000060e-01 1.398893000000000041e-09
-1.000000000000000056e-01 1.600676999999999972e-09
-9.950000000000000511e-02 1.788618000000000161e-09
-9.900000000000000466e-02 1.968172999999999961e-09
-9.850000000000000422e-02 2.136336000000000056e-09
-9.800000000000000377e-02 2.283755999999999946e-09
-9.750000000000000333e-02 2.410769000000000446e-09
-9.700000000000000289e-02 2.519485000000000011e-09
-9.650000000000000244e-02 2.612072000000000283e-09
-9.600000000000000200e-02 2.704947000000000544e-09
-9.550000000000000155e-02 2.811671000000000392e-09
-9.500000000000000111e-02 2.914066000000000430e-09
-9.450000000000000067e-02 2.995640000000000214e-09
-9.400000000000000022e-02 3.052398000000000526e-09
-9.349999999999999978e-02 3.090586000000000147e-09
-9.299999999999999933e-02 3.130235000000000203e-09
-9.249999999999999889e-02 3.186602000000000366e-09
-9.199999999999999845e-02 3.250943000000000072e-09
-9.149999999999999800e-02 3.310282000000000088e-09
-9.099999999999999756e-02 3.377543000000000441e-09
-9.049999999999999711e-02 3.468990000000000032e-09
-8.999999999999999667e-02 3.581789000000000399e-09
-8.949999999999999623e-02 3.712209000000000452e-09
-8.899999999999999578e-02 3.861373000000000413e-09
-8.849999999999999534e-02 4.032367999999999987e-09
-8.799999999999999489e-02 4.208817000000000232e-09
-8.749999999999999445e-02 4.371313999999999904e-09
-8.699999999999999400e-02 4.539527999999999712e-09
-8.649999999999999356e-02 4.740178000000000255e-09
-8.599999999999999312e-02 4.965351000000000341e-09
-8.549999999999999267e-02 5.194687000000000675e-09
-8.499999999999999223e-02 5.424900000000000157e-09
-8.449999999999999178e-02 5.662734000000000393e-09
-8.399999999999999134e-02 5.908597000000000746e-09
-8.349999999999999090e-02 6.171139000000000769e-09
-8.299999999999999045e-02 6.443942000000000204e-09
-8.249999999999999001e-02 6.719602000000000470e-09
-8.199999999999998956e-02 7.001220000000000769e-09
-8.149999999999998912e-02 7.278305000000000335e-09
-8.099999999999998868e-02 7.551274000000000574e-09
-8.049999999999998823e-02 7.828129000000000441e-09
-7.999999999999998779e-02 8.108930000000000866e-09
-7.949999999999998734e-02 8.389134999999999899e-09
-7.900000000000001465e-02 8.665763000000000198e-09
-7.850000000000001421e-02 8.943534000000000892e-09
-7.800000000000001377e-02 9.215899000000000499e-09
-7.750000000000001332e-02 9.485931000000000875e-09
-7.700000000000001288e-02 9.759378999999999950e-09
-7.650000000000001243e-02 1.002181000000000098e-08
-7.600000000000001199e-02 1.026717300000000077e-08
-7.550000000000001155e-02 1.049650400000000034e-08
-7.500000000000001110e-02 1.071529600000000038e-08
-7.450000000000001066e-02 1.093256100000000005e-08
-7.400000000000001021e-02 1.115334000000000152e-08
-7.350000000000000977e-02 1.137504600000000072e-08
-7.300000000000000933e-02 1.158773400000000051e-08
-7.250000000000000888e-02 1.180566200000000141e-08
-7.200000000000000844e-02 1.204762700000000162e-08
-7.150000000000000799e-02 1.231066800000000024e-08
-7.100000000000000755e-02 1.259677100000000168e-08
-7.050000000000000711e-02 1.290253800000000142e-08
-7.000000000000000666e-02 1.321939500000000096e-08
-6.950000000000000622e-02 1.354642100000000119e-08
-6.900000000000000577e-02 1.388728300000000142e-08
-6.850000000000000533e-02 1.422935400000000157e-08
-6.800000000000000488e-02 1.456048700000000074e-08
-6.750000000000000444e-02 1.489834100000000163e-08
-6.700000000000000400e-02 1.525121700000000172e-08
-6.650000000000000355e-02 1.560699500000000045e-08
-6.600000000000000311e-02 1.596512500000000116e-08
-6.550000000000000266e-02 1.634204200000000183e-08
-6.500000000000000222e-02 1.673539800000000177e-08
-6.450000000000000178e-02 1.712889400000000001e-08
-6.400000000000000133e-02 1.751973299999999832e-08
-6.350000000000000089e-02 1.791115100000000252e-08
-6.300000000000000044e-02 1.831006199999999976e-08
-6.250000000000000000e-02 1.872298800000000111e-08
-6.199999999999999956e-02 1.914406000000000182e-08
-6.149999999999999911e-02 1.956563999999999904e-08
-6.099999999999999867e-02 1.998419200000000047e-08
-6.049999999999999822e-02 2.040074100000000198e-08
-5.999999999999999778e-02 2.082016600000000046e-08
-5.949999999999999734e-02 2.124736300000000150e-08
-5.899999999999999689e-02 2.168106300000000425e-08
-5.849999999999999645e-02 2.211245600000000283e-08
-5.799999999999999600e-02 2.253562800000000129e-08
-5.749999999999999556e-02 2.295512499999999956e-08
-5.699999999999999512e-02 2.337552700000000176e-08
-5.649999999999999467e-02 2.380179200000000019e-08
-5.599999999999999423e-02 2.423140800000000141e-08
-5.549999999999999378e-02 2.466121500000000064e-08
-5.499999999999999334e-02 2.509052399999999995e-08
-5.449999999999999289e-02 2.550882199999999982e-08
-5.399999999999999245e-02 2.591575600000000023e-08
-5.349999999999999201e-02 2.632733300000000169e-08
-5.299999999999999156e-02 2.675116200000000114e-08
-5.249999999999999112e-02 2.718226600000000023e-08
-5.199999999999999067e-02 2.761011800000000162e-08
-5.149999999999999023e-02 2.803185300000000192e-08
-5.099999999999998979e-02 2.845430400000000216e-08
-5.049999999999998934e-02 2.888226600000000222e-08
-4.999999999999998890e-02 2.930068400000000064e-08
-4.949999999999998845e-02 2.970270700000000059e-08
-4.899999999999998801e-02 3.011616400000000246e-08
-4.849999999999998757e-02 3.055138700000000101e-08
-4.799999999999998712e-02 3.098306500000000441e-08
-4.749999999999998668e-02 3.139971000000000344e-08
-4.699999999999998623e-02 3.181720300000000147e-08
-4.650000000000001354e-02 3.224716600000000412e-08
-4.600000000000001310e-02 3.268031899999999794e-08
-4.550000000000001266e-02 3.310883200000000158e-08
-4.500000000000001221e-02 3.354020100000000243e-08
-4.450000000000001177e-02 3.398888500000000717e-08
-4.400000000000001132e-02 3.445066600000000131e-08
-4.350000000000001088e-02 3.490880700000000642e-08
-4.300000000000001044e-02 3.535605800000000103e-08
-4.250000000000000999e-02 3.580750400000000609e-08
-4.200000000000000955e-02 3.627734100000000070e-08
-4.150000000000000910e-02 3.675294100000000265e-08
-4.100000000000000866e-02 3.722219400000000300e-08
-4.050000000000000822e-02 3.769714299999999926e-08
-4.000000000000000777e-02 3.817856100000000295e-08
-3.950000000000000733e-02 3.865790900000000190e-08
-3.900000000000000688e-02 3.913805200000000612e-08
-3.850000000000000644e-02 3.961502200000000804e-08
-3.800000000000000600e-02 4.008490600000000108e-08
-3.750000000000000555e-02 4.055096000000000407e-08
-3.700000000000000511e-02 4.100323499999999877e-08
-3.650000000000000466e-02 4.145061400000000110e-08
-3.600000000000000422e-02 4.189826100000000283e-08
-3.550000000000000377e-02 4.233207999999999719e-08
-3.500000000000000333e-02 4.275869000000000633e-08
-3.450000000000000289e-02 4.318938300000000345e-08
-3.400000000000000244e-02 4.363192700000000307e-08
-3.350000000000000200e-02 4.408848600000000681e-08
-3.300000000000000155e-02 4.454956200000000453e-08
-3.250000000000000111e-02 4.500889500000000580e-08
-3.200000000000000067e-02 4.546880800000000667e-08
-3.150000000000000022e-02 4.593952400000000023e-08
-3.099999999999999978e-02 4.641824000000000286e-08
-3.049999999999999933e-02 4.689578499999999948e-08
-2.999999999999999889e-02 4.738252300000000496e-08
-2.949999999999999845e-02 4.788973200000000789e-08
-2.899999999999999800e-02 4.841287799999999897e-08
-2.849999999999999756e-02 4.894613900000000826e-08
-2.799999999999999711e-02 4.948823500000000493e-08
-2.749999999999999667e-02 5.004284400000000339e-08
-2.699999999999999623e-02 5.060027400000000443e-08
-2.649999999999999578e-02 5.115195100000000130e-08
-2.599999999999999534e-02 5.171229800000000245e-08
-2.549999999999999489e-02 5.228839700000000886e-08
-2.499999999999999445e-02 5.287091900000000140e-08
-2.449999999999999400e-02 5.346101700000000020e-08
-2.399999999999999356e-02 5.406836800000000298e-08
-2.349999999999999312e-02 5.469811400000000110e-08
-2.299999999999999267e-02 5.534086200000000799e-08
-2.249999999999999223e-02 5.596900300000000734e-08
-2.199999999999999178e-02 5.658792500000000278e-08
-2.149999999999999134e-02 5.722439900000000155e-08
-2.099999999999999090e-02 5.788804000000000145e-08
-2.049999999999999045e-02 5.856607300000000983e-08
-1.999999999999999001e-02 5.925225000000000040e-08
-1.949999999999998956e-02 5.994497200000000276e-08
-1.899999999999998912e-02 6.063701699999999775e-08
-1.849999999999998868e-02 6.132633400000000988e-08
-1.799999999999998823e-02 6.202097700000000587e-08
-1.749999999999998779e-02 6.271773200000000012e-08
-1.699999999999998734e-02 6.340186799999999851e-08
-1.649999999999998690e-02 6.407062100000000669e-08
-1.599999999999998646e-02 6.472476799999999773e-08
-1.549999999999998601e-02 6.536886000000000292e-08
-1.500000000000001332e-02 6.600590300000000770e-08
-1.450000000000001288e-02 6.663834700000000561e-08
-1.400000000000001243e-02 6.727304100000001268e-08
-1.350000000000001199e-02 6.790021500000000487e-08
-1.300000000000001155e-02 6.848992900000000700e-08
-1.250000000000001110e-02 6.905682400000000435e-08
-1.200000000000001066e-02 6.963895399999999766e-08
-1.150000000000001021e-02 7.023474300000000072e-08
-1.100000000000000977e-02 7.082193400000000923e-08
-1.050000000000000933e-02 7.137994000000001521e-08
-1.000000000000000888e-02 7.191470900000000890e-08
-9.500000000000008438e-03 7.244794200000000265e-08
-9.000000000000007994e-03 7.298938499999999962e-08
-8.500000000000007550e-03 7.354310200000001151e-08
-8.000000000000007105e-03 7.410207599999999519e-08
-7.500000000000006661e-03 7.466184199999999311e-08
-7.000000000000006217e-03 7.522626800000000743e-08
-6.500000000000005773e-03 7.579705400000001096e-08
-6.000000000000005329e-03 7.636880900000000906e-08
-5.500000000000004885e-03 7.693497499999999571e-08
-5.000000000000004441e-03 7.750520400000001690e-08
-4.500000000000003997e-03 7.809006800000000161e-08
-4.000000000000003553e-03 7.868706299999999868e-08
-3.500000000000003109e-03 7.929642800000001481e-08
-3.000000000000002665e-03 7.991681400000001370e-08
-2.500000000000002220e-03 8.053654699999999966e-08
-2.000000000000001776e-03 8.114415099999999375e-08
-1.500000000000001332e-03 8.173738800000000386e-08
-1.000000000000000888e-03 8.231581900000001249e-08
-5.000000000000004441e-04 8.288209399999999749e-08
0.000000000000000000e+00 8.345023999999999327e-08
5.000000000000004441e-04 8.402880000000000662e-08
1.000000000000000888e-03 8.460436300000001422e-08
1.500000000000001332e-03 8.517329100000001443e-08
2.000000000000001776e-03 8.574022499999999443e-08
2.500000000000002220e-03 8.631102000000000414e-08
3.000000000000002665e-03 8.689217800000000525e-08
3.500000000000003109e-03 8.747614000000000022e-08
4.000000000000003553e-03 8.805219500000000584e-08
4.500000000000003997e-03 8.861501100000000324e-08
5.000000000000004441e-03 8.917336799999999869e-08
5.500000000000004885e-03 8.973298200000001433e-08
6.000000000000005329e-03 9.028670900000000956e-08
6.500000000000005773e-03 9.084295300000000312e-08
7.000000000000006217e-03 9.142172200000000700e-08
7.500000000000006661e-03 9.201088400000000521e-08
8.000000000000007105e-03 9.258635300000000270e-08
8.500000000000007550e-03 9.314486100000001651e-08
9.000000000000007994e-03 9.369555700000000176e-08
9.500000000000008438e-03 9.425229400000001019e-08
1.000000000000000888e-02 9.481057700000000191e-08
1.050000000000000933e-02 9.535859700000000763e-08
1.100000000000000977e-02 9.589912400000000377e-08
1.150000000000001021e-02 9.644024300000000334e-08
1.200000000000001066e-02 9.698713900000000811e-08
1.250000000000001110e-02 9.753319800000000745e-08
1.300000000000001155e-02 9.809163200000000428e-08
1.350000000000001199e-02 9.868443700000000904e-08
1.400000000000001243e-02 9.930385500000000377e-08
1.450000000000001288e-02 9.993823700000000403e-08
1.500000000000001332e-02 1.005839070000000027e-07
1.550000000000001377e-02 1.012330430000000011e-07
1.600000000000001421e-02 1.018899670000000072e-07
1.650000000000001465e-02 1.025694369999999939e-07
1.700000000000001510e-02 1.032726330000000065e-07
1.750000000000001554e-02 1.039810930000000030e-07
1.800000000000001599e-02 1.046776870000000088e-07
1.850000000000001643e-02 1.053646060000000043e-07
1.900000000000001688e-02 1.060530320000000136e-07
1.950000000000001732e-02 1.067447470000000159e-07
2.000000000000001776e-02 1.074260710000000047e-07
2.050000000000001821e-02 1.081014790000000001e-07
2.100000000000001865e-02 1.087899980000000027e-07
2.150000000000001910e-02 1.094897620000000066e-07
2.200000000000001954e-02 1.101845969999999976e-07
2.250000000000001998e-02 1.108651930000000057e-07
2.300000000000002043e-02 1.115325620000000095e-07
2.350000000000002087e-02 1.121924710000000043e-07
2.400000000000002132e-02 1.128526840000000033e-07
2.450000000000002176e-02 1.135293580000000119e-07
2.500000000000002220e-02 1.142228220000000059e-07
2.550000000000002265e-02 1.149093990000000049e-07
2.600000000000002309e-02 1.155791470000000093e-07
2.650000000000002354e-02 1.162354930000000098e-07
2.700000000000002398e-02 1.168921190000000069e-07
2.750000000000002442e-02 1.175634220000000140e-07
2.800000000000002487e-02 1.182527780000000088e-07
2.850000000000002531e-02 1.189547320000000159e-07
2.900000000000002576e-02 1.196566059999999975e-07
2.950000000000002620e-02 1.203376370000000087e-07
3.000000000000002665e-02 1.209640710000000164e-07
3.050000000000002709e-02 1.215296930000000017e-07
3.100000000000002753e-02 1.220757940000000078e-07
3.150000000000002798e-02 1.226384890000000163e-07
3.200000000000002842e-02 1.232135430000000172e-07
3.250000000000002887e-02 1.237974269999999939e-07
3.300000000000002931e-02 1.243921940000000087e-07
3.349999999999997424e-02 1.249726100000000048e-07
3.399999999999997469e-02 1.255257280000000012e-07
3.449999999999997513e-02 1.260545160000000173e-07
3.499999999999997558e-02 1.265781980000000138e-07
3.549999999999997602e-02 1.271183250000000015e-07
3.599999999999997646e-02 1.276727530000000117e-07
3.649999999999997691e-02 1.282392580000000237e-07
3.699999999999997735e-02 1.288072819999999872e-07
3.749999999999997780e-02 1.293659230000000070e-07
3.799999999999997824e-02 1.299250820000000001e-07
3.849999999999997868e-02 1.304921760000000046e-07
3.899999999999997913e-02 1.310588950000000253e-07
3.949999999999997957e-02 1.316135449999999938e-07
3.999999999999998002e-02 1.321488870000000146e-07
4.049999999999998046e-02 1.326663060000000032e-07
4.099999999999998090e-02 1.331791939999999933e-07
4.149999999999998135e-02 1.337023540000000285e-07
4.199999999999998179e-02 1.342366879999999928e-07
4.249999999999998224e-02 1.347753580000000157e-07
4.299999999999998268e-02 1.353250109999999894e-07
4.349999999999998312e-02 1.358829389999999904e-07
4.399999999999998357e-02 1.364250089999999854e-07
4.449999999999998401e-02 1.369342760000000223e-07
4.499999999999998446e-02 1.374292869999999882e-07
4.549999999999998490e-02 1.379272600000000050e-07
4.599999999999998535e-02 1.384284180000000080e-07
4.649999999999998579e-02 1.389239490000000073e-07
4.699999999999998623e-02 1.394250659999999940e-07
4.749999999999998668e-02 1.399449890000000132e-07
4.799999999999998712e-02 1.404643660000000105e-07
4.849999999999998757e-02 1.409657350000000113e-07
4.899999999999998801e-02 1.414557720000000129e-07
4.949999999999998845e-02 1.419428189999999945e-07
4.999999999999998890e-02 1.424225559999999818e-07
5.049999999999998934e-02 1.428965110000000119e-07
5.099999999999998979e-02 1.433820169999999886e-07
5.149999999999999023e-02 1.438751290000000010e-07
5.199999999999999067e-02 1.443680510000000124e-07
5.249999999999999112e-02 1.448643519999999991e-07
5.299999999999999156e-02 1.453797620000000057e-07
5.349999999999999201e-02 1.459282770000000071e-07
5.399999999999999245e-02 1.465078040000000077e-07
5.449999999999999289e-02 1.470870410000000152e-07
5.499999999999999334e-02 1.476434780000000074e-07
5.549999999999999378e-02 1.481845619999999991e-07
5.599999999999999423e-02 1.487309700000000336e-07
5.649999999999999467e-02 1.492829629999999989e-07
5.699999999999999512e-02 1.498350660000000191e-07
5.749999999999999556e-02 1.503955180000000173e-07
5.799999999999999600e-02 1.509806570000000202e-07
5.849999999999999645e-02 1.515890530000000285e-07
5.899999999999999689e-02 1.521980639999999913e-07
5.949999999999999734e-02 1.528063860000000224e-07
5.999999999999999778e-02 1.534066910000000092e-07
6.049999999999999822e-02 1.539942250000000178e-07
6.099999999999999867e-02 1.545817250000000090e-07
6.149999999999999911e-02 1.551621159999999940e-07
6.199999999999999956e-02 1.557278800000000179e-07
6.250000000000000000e-02 1.562844930000000133e-07
6.300000000000000044e-02 1.568546749999999963e-07
6.350000000000000089e-02 1.574571929999999904e-07
6.400000000000000133e-02 1.580818940000000115e-07
6.450000000000000178e-02 1.587106140000000002e-07
6.500000000000000222e-02 1.593351820000000154e-07
6.550000000000000266e-02 1.599452650000000288e-07
6.600000000000000311e-02 1.605383090000000138e-07
6.650000000000000355e-02 1.611115820000000127e-07
6.700000000000000400e-02 1.616607430000000016e-07
6.750000000000000444e-02 1.621795980000000112e-07
6.800000000000000488e-02 1.626838290000000177e-07
6.850000000000000533e-02 1.631865919999999931e-07
6.900000000000000577e-02 1.636918570000000182e-07
6.950000000000000622e-02 1.641957449999999981e-07
7.000000000000000666e-02 1.646878100000000242e-07
7.050000000000000711e-02 1.651643549999999998e-07
7.100000000000000755e-02 1.656329830000000028e-07
7.150000000000000799e-02 1.660978260000000135e-07
7.200000000000000844e-02 1.665585790000000108e-07
7.250000000000000888e-02 1.670146400000000345e-07
7.300000000000000933e-02 1.674609370000000029e-07
7.350000000000000977e-02 1.678892130000000336e-07
7.400000000000001021e-02 1.683035900000000177e-07
7.450000000000001066e-02 1.687144960000000104e-07
7.500000000000001110e-02 1.691199290000000286e-07
7.550000000000001155e-02 1.695117550000000008e-07
7.600000000000001199e-02 1.698872520000000054e-07
7.650000000000001243e-02 1.702575300000000040e-07
7.700000000000001288e-02 1.706223689999999927e-07
7.750000000000001332e-02 1.709768690000000108e-07
7.800000000000001377e-02 1.713146620000000138e-07
7.850000000000001421e-02 1.716374210000000088e-07
7.900000000000001465e-02 1.719556959999999905e-07
7.950000000000001510e-02 1.722657240000000200e-07
8.000000000000001554e-02 1.725685190000000170e-07
8.050000000000001599e-02 1.728621910000000076e-07
8.100000000000001643e-02 1.731453380000000147e-07
8.150000000000001688e-02 1.734200140000000247e-07
8.200000000000001732e-02 1.736918430000000040e-07
8.250000000000001776e-02 1.739618110000000353e-07
8.300000000000001821e-02 1.742304159999999927e-07
8.350000000000001865e-02 1.744911970000000237e-07
8.400000000000001910e-02 1.747466970000000354e-07
8.450000000000001954e-02 1.750145860000000161e-07
8.500000000000001998e-02 1.752851459999999978e-07
8.550000000000002043e-02 1.755367369999999911e-07
8.600000000000002087e-02 1.757742049999999987e-07
8.650000000000002132e-02 1.760001210000000297e-07
8.700000000000002176e-02 1.762175270000000015e-07
8.750000000000002220e-02 1.764420190000000021e-07
8.800000000000002265e-02 1.766821500000000082e-07
8.850000000000002309e-02 1.769352680000000085e-07
8.900000000000002354e-02 1.771903490000000091e-07
8.950000000000002398e-02 1.774379850000000022e-07
9.000000000000002442e-02 1.776632300000000079e-07
9.050000000000002487e-02 1.778759190000000213e-07
9.100000000000002531e-02 1.780975470000000088e-07
9.150000000000002576e-02 1.783311190000000186e-07
9.200000000000002620e-02 1.785781470000000032e-07
9.250000000000002665e-02 1.788398060000000162e-07
9.300000000000002709e-02 1.791235830000000058e-07
9.350000000000002753e-02 1.794425660000000147e-07
9.400000000000002798e-02 1.797871010000000161e-07
9.450000000000002842e-02 1.801479410000000039e-07
9.500000000000002887e-02 1.805275410000000161e-07
9.550000000000002931e-02 1.809215230000000270e-07
9.600000000000002975e-02 1.813233749999999989e-07
9.650000000000003020e-02 1.817409159999999990e-07
9.699999999999997513e-02 1.821788790000000173e-07
9.749999999999997558e-02 1.826330400000000044e-07
9.799999999999997602e-02 1.831001699999999997e-07
9.849999999999997646e-02 1.835832080000000235e-07
9.899999999999997691e-02 1.840906520000000120e-07
9.949999999999997735e-02 1.846152260000000149e-07
9.999999999999997780e-02 1.851328070000000353e-07
1.004999999999999782e-01 1.856207750000000225e-07
1.009999999999999787e-01 1.860635780000000220e-07
1.014999999999999791e-01 1.864607289999999876e-07
1.019999999999999796e-01 1.868220910000000160e-07
1.024999999999999800e-01 1.871457859999999917e-07
1.029999999999999805e-01 1.874221290000000137e-07
1.034999999999999809e-01 1.876496380000000264e-07
1.039999999999999813e-01 1.878489600000000172e-07
1.044999999999999818e-01 1.880522060000000280e-07
1.049999999999999822e-01 1.882828220000000087e-07
1.054999999999999827e-01 1.885520850000000237e-07
1.059999999999999831e-01 1.888587249999999923e-07
1.064999999999999836e-01 1.892023750000000127e-07
1.069999999999999840e-01 1.895741170000000016e-07
1.074999999999999845e-01 1.899568230000000311e-07
1.079999999999999849e-01 1.903415990000000257e-07
1.084999999999999853e-01 1.907379810000000076e-07
1.089999999999999858e-01 1.911486260000000064e-07
1.094999999999999862e-01 1.915747510000000165e-07
1.099999999999999867e-01 1.920077230000000088e-07
1.104999999999999871e-01 1.924336680000000277e-07
1.109999999999999876e-01 1.928568760000000178e-07
1.114999999999999880e-01 1.932857119999999887e-07
1.119999999999999885e-01 1.937068430000000148e-07
1.124999999999999889e-01 1.940966190000000151e-07
1.129999999999999893e-01 1.944541519999999975e-07
1.134999999999999898e-01 1.947975520000000111e-07
1.139999999999999902e-01 1.951213870000000181e-07
1.144999999999999907e-01 1.954108700000000068e-07
1.149999999999999911e-01 1.956679619999999967e-07
1.154999999999999916e-01 1.958928140000000061e-07
1.159999999999999920e-01 1.960933460000000187e-07
1.164999999999999925e-01 1.962878849999999969e-07
1.169999999999999929e-01 1.964766590000000267e-07
1.174999999999999933e-01 1.966467160000000027e-07
1.179999999999999938e-01 1.967826560000000186e-07
1.184999999999999942e-01 1.968998680000000204e-07
1.189999999999999947e-01 1.970130120000000091e-07
1.194999999999999951e-01 1.971171860000000171e-07
1.199999999999999956e-01 1.972081740000000238e-07
1.204999999999999960e-01 1.972922330000000154e-07
1.209999999999999964e-01 1.973653439999999979e-07
1.214999999999999969e-01 1.974196810000000111e-07
1.219999999999999973e-01 1.974561140000000344e-07
1.224999999999999978e-01 1.974761389999999890e-07
1.229999999999999982e-01 1.974927400000000167e-07
1.234999999999999987e-01 1.975012989999999889e-07
1.239999999999999991e-01 1.975023110000000071e-07
1.244999999999999996e-01 1.974973440000000153e-07
1.250000000000000000e-01 1.974766650000000177e-07
1.255000000000000004e-01 1.974342179999999897e-07
1.260000000000000009e-01 1.973715510000000145e-07
1.265000000000000013e-01 1.972932760000000137e-07
1.270000000000000018e-01 1.972018730000000104e-07
1.275000000000000022e-01 1.971028000000000039e-07
1.280000000000000027e-01 1.969920810000000238e-07
1.285000000000000031e-01 1.968667570000000303e-07
1.290000000000000036e-01 1.967373260000000146e-07
1.295000000000000040e-01 1.966143930000000123e-07
1.300000000000000044e-01 1.964939000000000202e-07
1.305000000000000049e-01 1.963661560000000096e-07
1.310000000000000053e-01 1.962426040000000118e-07
1.315000000000000058e-01 1.961382529999999970e-07
1.320000000000000062e-01 1.960502600000000285e-07
1.325000000000000067e-01 1.959782590000000227e-07
1.330000000000000071e-01 1.959225210000000096e-07
1.335000000000000075e-01 1.958762250000000219e-07
1.340000000000000080e-01 1.958376670000000193e-07
1.345000000000000084e-01 1.958054540000000045e-07
1.350000000000000089e-01 1.957843980000000157e-07
1.355000000000000093e-01 1.957811490000000091e-07
1.360000000000000098e-01 1.957971970000000160e-07
1.365000000000000102e-01 1.958417520000000146e-07
1.370000000000000107e-01 1.959149750000000063e-07
1.375000000000000111e-01 1.960071340000000256e-07
1.380000000000000115e-01 1.960985929999999939e-07
1.385000000000000120e-01 1.961824970000000321e-07
1.390000000000000124e-01 1.962682140000000030e-07
1.395000000000000129e-01 1.963464550000000127e-07
1.400000000000000133e-01 1.964147500000000218e-07
1.405000000000000138e-01 1.964900080000000104e-07
1.410000000000000142e-01 1.965749800000000317e-07
1.415000000000000147e-01 1.966562690000000337e-07
1.420000000000000151e-01 1.967366460000000096e-07
1.425000000000000155e-01 1.968307850000000116e-07
1.430000000000000160e-01 1.969251370000000187e-07
1.435000000000000164e-01 1.969946080000000055e-07
1.440000000000000169e-01 1.970473780000000254e-07
1.445000000000000173e-01 1.971099240000000117e-07
1.450000000000000178e-01 1.971828950000000157e-07
1.455000000000000182e-01 1.972390590000000124e-07
1.460000000000000187e-01 1.972565610000000262e-07
1.465000000000000191e-01 1.972439709999999900e-07
1.470000000000000195e-01 1.972122760000000278e-07
1.475000000000000200e-01 1.971825070000000111e-07
1.480000000000000204e-01 1.971559630000000200e-07
1.485000000000000209e-01 1.971251190000000213e-07
1.490000000000000213e-01 1.971029570000000175e-07
1.495000000000000218e-01 1.970907550000000123e-07
1.500000000000000222e-01 1.970800130000000093e-07
1.505000000000000226e-01 1.970637470000000056e-07
1.510000000000000231e-01 1.970422179999999952e-07
1.515000000000000235e-01 1.970116420000000158e-07
1.520000000000000240e-01 1.969647280000000097e-07
1.525000000000000244e-01 1.968891470000000141e-07
1.530000000000000249e-01 1.967809980000000129e-07
1.535000000000000253e-01 1.966475680000000228e-07
1.540000000000000258e-01 1.964997730000000163e-07
1.545000000000000262e-01 1.963424350000000151e-07
1.550000000000000266e-01 1.961791930000000112e-07
1.555000000000000271e-01 1.960041500000000273e-07
1.560000000000000275e-01 1.958069099999999921e-07
1.565000000000000280e-01 1.955869820000000303e-07
1.570000000000000284e-01 1.953566740000000022e-07
1.575000000000000289e-01 1.951189369999999982e-07
1.580000000000000293e-01 1.948638110000000196e-07
1.585000000000000298e-01 1.945988580000000219e-07
1.590000000000000302e-01 1.943232200000000163e-07
1.595000000000000306e-01 1.940313530000000088e-07
1.600000000000000311e-01 1.937250579999999946e-07
1.605000000000000315e-01 1.934086690000000251e-07
1.610000000000000320e-01 1.930890580000000146e-07
1.614999999999999769e-01 1.927521160000000017e-07
1.619999999999999774e-01 1.923841360000000275e-07
1.624999999999999778e-01 1.919828470000000068e-07
1.629999999999999782e-01 1.915507749999999969e-07
1.634999999999999787e-01 1.910925580000000139e-07
1.639999999999999791e-01 1.906134539999999934e-07
1.644999999999999796e-01 1.901158650000000197e-07
1.649999999999999800e-01 1.895913219999999969e-07
1.654999999999999805e-01 1.890407580000000272e-07
1.659999999999999809e-01 1.884699630000000175e-07
1.664999999999999813e-01 1.878730160000000093e-07
1.669999999999999818e-01 1.872523250000000290e-07
1.674999999999999822e-01 1.866131840000000105e-07
1.679999999999999827e-01 1.859734210000000122e-07
1.684999999999999831e-01 1.853548079999999994e-07
1.689999999999999836e-01 1.847502880000000223e-07
1.694999999999999840e-01 1.841436050000000075e-07
1.699999999999999845e-01 1.835341110000000131e-07
1.704999999999999849e-01 1.829301660000000306e-07
1.709999999999999853e-01 1.823453710000000051e-07
1.714999999999999858e-01 1.817794320000000345e-07
1.719999999999999862e-01 1.812242190000000090e-07
1.724999999999999867e-01 1.806864200000000222e-07
1.729999999999999871e-01 1.801707539999999869e-07
1.734999999999999876e-01 1.796737400000000078e-07
1.739999999999999880e-01 1.792038159999999888e-07
1.744999999999999885e-01 1.787697160000000074e-07
1.749999999999999889e-01 1.783673200000000209e-07
1.754999999999999893e-01 1.779778910000000089e-07
1.759999999999999898e-01 1.776066889999999936e-07
1.764999999999999902e-01 1.772827020000000175e-07
1.769999999999999907e-01 1.770058590000000082e-07
1.774999999999999911e-01 1.767463239999999973e-07
1.779999999999999916e-01 1.764518940000000099e-07
1.784999999999999920e-01 1.761230680000000034e-07
1.789999999999999925e-01 1.758102900000000302e-07
1.794999999999999929e-01 1.755325700000000160e-07
1.799999999999999933e-01 1.752732670000000261e-07
1.804999999999999938e-01 1.750103590000000087e-07
1.809999999999999942e-01 1.747395880000000027e-07
1.814999999999999947e-01 1.744687330000000096e-07
1.819999999999999951e-01 1.741897840000000106e-07
1.824999999999999956e-01 1.739007599999999929e-07
1.829999999999999960e-01 1.736136930000000332e-07
1.834999999999999964e-01 1.733224050000000085e-07
1.839999999999999969e-01 1.730112880000000255e-07
1.844999999999999973e-01 1.726674170000000240e-07
1.849999999999999978e-01 1.723010520000000055e-07
1.854999999999999982e-01 1.719230820000000033e-07
1.859999999999999987e-01 1.715286700000000208e-07
1.864999999999999991e-01 1.711218309999999845e-07
1.869999999999999996e-01 1.706879160000000125e-07
1.875000000000000000e-01 1.702224270000000142e-07
1.880000000000000004e-01 1.697383420000000041e-07
1.885000000000000009e-01 1.692362850000000222e-07
1.890000000000000013e-01 1.687142680000000039e-07
1.895000000000000018e-01 1.681531490000000213e-07
1.900000000000000022e-01 1.675454929999999974e-07
1.905000000000000027e-01 1.669040990000000119e-07
1.910000000000000031e-01 1.662406990000000061e-07
1.915000000000000036e-01 1.655538930000000102e-07
1.920000000000000040e-01 1.648259030000000151e-07
1.925000000000000044e-01 1.640500560000000343e-07
1.930000000000000049e-01 1.632377560000000105e-07
1.935000000000000053e-01 1.624080409999999973e-07
1.940000000000000058e-01 1.615602100000000194e-07
1.945000000000000062e-01 1.606736699999999941e-07
1.950000000000000067e-01 1.597343920000000120e-07
1.955000000000000071e-01 1.587451049999999935e-07
1.960000000000000075e-01 1.577069980000000165e-07
1.965000000000000080e-01 1.566168130000000153e-07
1.970000000000000084e-01 1.554658900000000218e-07
1.975000000000000089e-01 1.542302769999999976e-07
1.980000000000000093e-01 1.528912500000000225e-07
1.985000000000000098e-01 1.514309200000000022e-07
1.990000000000000102e-01 1.498482540000000011e-07
1.995000000000000107e-01 1.481345670000000135e-07
2.000000000000000111e-01 1.462938780000000070e-07
2.005000000000000115e-01 1.443554640000000135e-07
2.010000000000000120e-01 1.423448019999999916e-07
2.015000000000000124e-01 1.402853090000000242e-07
2.020000000000000129e-01 1.382415680000000225e-07
2.025000000000000133e-01 1.362822210000000099e-07
2.030000000000000138e-01 1.344492620000000125e-07
2.035000000000000142e-01 1.327783230000000065e-07
2.040000000000000147e-01 1.312929770000000057e-07
2.045000000000000151e-01 1.299816500000000064e-07
2.050000000000000155e-01 1.288360470000000147e-07
2.055000000000000160e-01 1.278467480000000056e-07
2.060000000000000164e-01 1.269939539999999974e-07
2.065000000000000169e-01 1.262414310000000004e-07
2.070000000000000173e-01 1.255563610000000020e-07
2.075000000000000178e-01 1.249223970000000225e-07
2.080000000000000182e-01 1.243339180000000005e-07
2.085000000000000187e-01 1.237897460000000038e-07
2.090000000000000191e-01 1.232843309999999904e-07
2.095000000000000195e-01 1.228025419999999975e-07
2.100000000000000200e-01 1.223432430000000071e-07
2.105000000000000204e-01 1.219062220000000177e-07
2.110000000000000209e-01 1.214787939999999926e-07
2.115000000000000213e-01 1.210534029999999982e-07
2.120000000000000218e-01 1.206437150000000033e-07
2.125000000000000222e-01 1.202528080000000032e-07
2.130000000000000226e-01 1.198720209999999997e-07
2.135000000000000231e-01 1.194972650000000096e-07
2.140000000000000235e-01 1.191366530000000019e-07
2.145000000000000240e-01 1.187904310000000086e-07
2.150000000000000244e-01 1.184526780000000184e-07
2.155000000000000249e-01 1.181171220000000040e-07
2.160000000000000253e-01 1.177823390000000010e-07
2.165000000000000258e-01 1.174393390000000091e-07
2.170000000000000262e-01 1.170794540000000048e-07
2.175000000000000266e-01 1.166970599999999953e-07
2.180000000000000271e-01 1.162913510000000082e-07
2.185000000000000275e-01 1.158562540000000101e-07
2.190000000000000280e-01 1.153971120000000201e-07
2.195000000000000284e-01 1.149302620000000082e-07
2.200000000000000289e-01 1.144677220000000004e-07
2.205000000000000293e-01 1.140159500000000105e-07
2.210000000000000298e-01 1.135790860000000084e-07
2.215000000000000302e-01 1.131511460000000054e-07
2.220000000000000306e-01 1.127191680000000056e-07
2.225000000000000311e-01 1.122791720000000109e-07
2.230000000000000315e-01 1.118356770000000158e-07
2.235000000000000320e-01 1.114050330000000112e-07
2.240000000000000324e-01 1.109874170000000037e-07
2.245000000000000329e-01 1.105615730000000071e-07
2.249999999999999778e-01 1.101260200000000093e-07
2.254999999999999782e-01 1.096948699999999955e-07
2.259999999999999787e-01 1.092748340000000107e-07
2.264999999999999791e-01 1.088717070000000063e-07
2.269999999999999796e-01 1.084627000000000068e-07
2.274999999999999800e-01 1.080402180000000033e-07
2.279999999999999805e-01 1.076142689999999964e-07
2.284999999999999809e-01 1.071781240000000084e-07
2.289999999999999813e-01 1.067320580000000044e-07
2.294999999999999818e-01 1.062893750000000167e-07
2.299999999999999822e-01 1.058582959999999958e-07
2.304999999999999827e-01 1.054340660000000042e-07
2.309999999999999831e-01 1.050074250000000017e-07
2.314999999999999836e-01 1.045806680000000152e-07
2.319999999999999840e-01 1.041658149999999984e-07
2.324999999999999845e-01 1.037398850000000075e-07
2.329999999999999849e-01 1.032912160000000109e-07
2.334999999999999853e-01 1.028456370000000000e-07
2.339999999999999858e-01 1.024177119999999985e-07
2.344999999999999862e-01 1.020106679999999994e-07
2.349999999999999867e-01 1.016120460000000182e-07
2.354999999999999871e-01 1.012137819999999989e-07
2.359999999999999876e-01 1.008148840000000091e-07
2.364999999999999880e-01 1.004161009999999998e-07
2.369999999999999885e-01 1.000225630000000113e-07
2.374999999999999889e-01 9.963171800000001108e-08
2.379999999999999893e-01 9.924412500000000195e-08
2.384999999999999898e-01 9.886486900000000675e-08
2.389999999999999902e-01 9.849457300000000900e-08
2.394999999999999907e-01 9.811896900000001328e-08
2.399999999999999911e-01 9.773749599999999627e-08
2.404999999999999916e-01 9.737343900000001203e-08
2.409999999999999920e-01 9.703803800000000396e-08
2.414999999999999925e-01 9.673071100000000490e-08
2.419999999999999929e-01 9.644956400000000006e-08
2.424999999999999933e-01 9.618395800000001594e-08
2.429999999999999938e-01 9.592885600000000530e-08
2.434999999999999942e-01 9.567020499999999823e-08
2.439999999999999947e-01 9.540464100000000764e-08
2.444999999999999951e-01 9.515296700000000448e-08
2.449999999999999956e-01 9.493685399999999816e-08
2.455000000000000515e-01 9.474137000000000657e-08
2.459999999999999964e-01 9.453707699999999618e-08
2.465000000000000524e-01 9.430732000000000806e-08
2.469999999999999973e-01 9.404143500000001772e-08
2.475000000000000533e-01 9.374647600000000399e-08
2.479999999999999982e-01 9.344571500000001349e-08
2.485000000000000542e-01 9.314931400000000994e-08
2.489999999999999991e-01 9.285233300000000678e-08
2.495000000000000551e-01 9.254028400000000465e-08
